-0.030041318
-0.059572816
0.10729224
0.014741318
0.12189463
-0.15061088
0.103644244
0.9749763
0.96680754
1.6279614
4.8502855
0.4463396
0.03580187
-0.14570548
-0.46000656
-0.17640989
0.95398176
-0.94364053
0.37066036
2.5471454
1.9170684
0.38054094
-0.6745684
0.17383967
2.1838284
1.7873755
-0.18111017
1.951433
1.8744906
1.0893859
-0.1152349
-0.19638772
1.726973
0.6460152
0.008076412
2.3581467
1.2812463
0.24179907
-0.20982945
0.10687679
0.03080538
2.2898877
0.12730528
1.5457535
0.066258796
0.002977803
0.01611463
0.43762976
-0.5271543
0.07071395
0.05643968
0.015651613
0.09366781
4.0907235
-1.0028542
0.02894322
-0.066715196
0.019681673
0.34309018
0.07304281
3.8767185
-0.27941838
0.33319098
0.1515575
0.033977397
0.19204055
0.00055443676
8.75214
-0.3222312
4.3004785
3.101083
-0.49381542
0.0014827546
-0.24010088
0.0012883344
0.44044763
0.67591393
-0.034945562
-0.25627396
-0.009997774
-0.085495055
0.019650739
1.9223228
0.009697882
0.003458857
0.0046029487
-0.0069211214
-0.010474726
0.0014973966
-0.15248749
-0.024934957
-0.0052381963
-0.6168676
0.25240615
-0.0055921944
-0.06592095
0.12675813
-0.3648221
0.026499683
-0.009299923
-1.3097447
-0.008908778
-0.12492133
-0.08032167
0.043069907
0.00046723234
-0.0018761851
-0.12605883
0.22785531
0.029452924
-0.08533025
2.0970603e-05
-0.036166556
0.042630374
-0.0030118215
-2.0197903e-07
0.0009353426
-0.009185524
-9.128069e-07
-0.01874757
-0.001861467
-0.43535987
0.027063392
0.000109831584
2.6635776
0.016968483
0.027654344
0.012000332
0.036407314
0.005707373
-0.018989496
-5.0324135e-05
0.050738916
-0.17911029
-0.040407546
0.07851026
-0.0004951485
-0.033217937
-0.34643
0.024312433
0.1388016
-0.074515566
0.009802929
-0.016213372
0.00022775696
-0.00019373772
-3.6312008e-06
0.28227738
0.043258175
7.896073e-05
0.0
-0.005875268
-0.00088872266
0.0020348188
-0.004435113
0.007937055
-0.02817783
-0.00028037681
-1.08324975e-05
4.6020323e-05
-0.0003781583
-0.0043445765
-0.0033778197
-0.0140599385
-5.706774e-07
-0.056289002
-0.016193448
-0.02976618
-0.00022999033
0.009506477
-0.010551956
2.4808923e-08
0.0
-2.4128104e-09
0.0
-0.020387065
-0.08421937
1.36926e-05
0.0
-0.00015329804
-0.005890256
-0.0022544109
-0.016814722
-0.00043947416
-0.0057724253
0.0004619175
2.9227122e-05
0.0
-2.7555463e-05
0.010692284
0.00011542456
2.2328989e-06
-0.030502148
0.05191804
0.0
-0.04521963
0.00068646873
-0.009640017
5.800458e-07
-0.01065951
-0.005503953
-0.016216187
-0.008247338
-0.025330966
-7.965002e-05
2.2670035e-06
-0.008908257
3.008031e-06
3.1961525e-07
3.6266945e-07
-7.306948e-07
-7.651545e-06
-0.0571091
-2.673152e-07
-0.0045119314
-0.0037378506
-0.00036891157
-0.005715596
-0.15354887
7.669398e-08
0.026541727
3.8872724e-05
-1.7089176e-10
-0.00546746
5.9389575e-05
-0.042700164
-2.699736e-06
-0.00071736885
-1.9745458e-10
-0.016840998
-3.0534558e-10
-0.042683814
-6.3580666e-07
0.0
-0.0074910074
0.00048406984
-0.034572724
0.008756901
0.0
-0.020612616
-0.12945844
-0.10037424
-0.280782
1.794093e-05
-0.0002593545
-0.029157395
-0.0027124193
-0.027186383
-0.0024564315
-0.0041786875
-0.001844025
0.0016704601
-0.0006086202
-0.021746045
-0.022237876
-0.024508832
0.00476883
-0.084856436
-3.6352754e-09
6.4523156e-09
4.015526e-06
-0.059229918
3.395966e-09
-0.05819077
0.0
0.010894486
-0.0072561204
-6.159285e-05
0.0
-0.020208837
-0.00069359725
-8.312249e-06
-0.00032554075
3.0864155e-07
0.0027357684
-2.7769051e-08
0.010505745
-0.00096161535
0.0
-7.0658963e-09
-0.035188194
-0.0014358946
-0.0027746717
0.00016616541
-1.5053081e-06
0.019767242
-8.418965e-05
1.4514898e-05
-0.014614561
0.030686049
0.0006795218
-0.09677245
-1.24703865e-05
-0.035650183
9.567442e-07
-0.011928889
-0.0117369825
1.612453e-05
0.0009310724
2.1666622e-06
-0.001220806
1.870566e-05
-0.010734512
0.0
-0.024305854
-0.013035601
0.0
0.011429861
-2.476941e-06
-5.8089327e-08
-0.00877783
0.0
-0.0015804685
0.00019433098
-0.03971821
-0.08002545
-0.0006280292
0.00045651846
-0.0019283405
2.8300119e-05
-0.0047216094
-0.010801738
-0.03009864
0.01342298
-0.010342506
-0.011895416
3.869455e-06
1.6094958e-05
-0.04497794
0.03783301
7.3148134e-05
-0.004912702
-6.095698e-05
-2.7250944e-05
-4.4809877e-08
3.2408536e-08
-1.780809e-08
-0.010959161
3.9703605e-07
-1.7657824e-08
-0.006213053
0.0027818158
-5.4950244e-09
-0.013672707
-5.9450704e-06
-1.819536e-05
-0.00038503445
-0.00035479822
0.024831377
-0.020343324
-0.00023908417
0.0010191874
0.00063101784
-0.015036903
0.0027167248
1.6215973e-09
3.8681884e-07
-0.030469654
-0.020234685
-1.31630875e-08
-0.014487871
-1.4005542e-07
-8.919844e-07
0.00028738854
-0.003177872
-0.0038379433
-0.003264904
-0.02285888
0.054386206
-0.0011724981
-0.07192071
-0.013486586
0.019615913
0.001451879
-0.058374316
-3.3857853e-10
-0.017914971
-0.069573544
0.0
-0.0015938837
0.00031094757
0.0
-0.006691066
-3.8431685e-06
0.017035715
1.2100399e-05
1.1526853e-05
3.793329e-06
0.0002421889
-0.0045895474
-0.009985903
-0.008408635
-0.00014318617
-8.9413765e-09
-2.7905291e-05
0.0
-6.418849e-05
-0.0011380074
0.0050179665
-0.0073478306
-0.044015996
8.996641e-05
0.00024880594
0.0025112394
0.0
-0.007562515
4.4294197e-06
0.0028686556
-9.0450726e-07
-4.1660905e-06
-0.0061976835
0.00042221823
-1.7750132e-06
-9.8910525e-05
2.4264432e-07
0.0003223974
-0.009220005
1.3969207e-06
0.0
0.0
0.0
-0.014394323
-0.07271805
0.0
0.0
7.51363e-08
-0.012542851
-0.00010913397
-0.022915272
-4.175831e-05
-3.6573813e-06
-8.057013e-06
-0.0061236713
-0.04819716
0.00012163001
-0.001045748
0.037889462
-0.0007678385
-0.03357243
0.030344145
0.004030165
-7.464701e-05
-0.018055236
-6.361672e-06
-0.007016359
0.005816145
0.0011451887
4.0660684e-08
4.278428e-09
-1.2735181e-07
2.0389699e-07
-0.00909614
-0.0034431117
0.0
0.00013050194
-7.296536e-05
-0.008681562
-4.4256385e-08
-2.3308446e-07
2.5517033e-06
0.027808512
-3.1685894e-09
4.3597076e-08
-0.08352041
-5.1206283e-05
0.0016607394
-0.0004363871
0.036487725
-0.036767464
-0.01914742
7.641444e-06
0.04166672
0.021776764
0.019265072
-0.006347198
-0.00014387215
0.018541537
-0.046158284
-0.0035963997
0.0
-0.0019225418
0.0012581771
-4.5394692e-05
-0.04900505
0.009116414
-3.5604726e-06
-3.2492044e-05
-0.005203482
-0.042019803
-2.4227133e-05
-0.0308428
4.0582893e-08
-2.3729021e-06
-1.9549476e-05
-0.014974904
-0.006001735
-0.00032116682
0.0
-4.001234e-05
-0.016627252
-3.9549064e-08
4.939055e-09
-1.9336387e-07
-6.3992725e-06
-0.0001365569
-0.013032572
0.03320076
-6.619171e-05
0.0
-1.2142628e-07
-0.0039994325
0.007882611
-0.0023485243
-0.0014199009
2.4293199e-08
-0.0013450546
0.00011565899
-0.003921252
-0.0006189044
-0.0045635444
-0.0075770826
9.344026e-09
-1.7630493e-08
-0.0106726475
-6.504227e-10
0.07521696
0.02367479
3.8828978e-07
-0.008353137
0.00079734385
0.0
-2.0719986e-05
-0.010974231
-9.534487e-06
-0.00011665665
-0.034944553
0.006811749
0.0011532519
-0.013192084
-0.017125668
0.008855217
4.930679e-07
-0.00035102398
-0.019964444
-0.006883098
0.0
0.00037937626
1.6882009e-08
-0.038629435
0.0027987147
0.0
-0.006267187
-0.0031427871
0.0017616546
0.0
-4.7258317e-07
-5.2818734e-07
5.6313147e-06
-2.5469324e-06
-0.00019901746
1.5344985e-09
0.0010084439
-0.023425143
-1.9374154e-06
-0.0060506775
2.2062146e-05
-1.5213768e-08
-0.0010307875
-4.8473165e-08
-0.021540299
0.009294696
0.005943849
0.018627318
-0.0304439
-0.033334833
0.0058127134
-2.0873204e-08
0.10953494
0.029849019
0.0
-0.0055253287
-0.0124614695
-0.0064944914
-0.03135935
0.0
-0.042611964
0.01694886
0.00048206357
-0.00034178531
0.0055197575
0.024136145
-7.610422e-05
0.0015525843
-0.00014878852
-0.00047057177
-6.292042e-08
-0.0013370198
-0.0060648853
-0.007782527
-6.386374e-07
3.168491e-08
-0.0056923176
-4.1547955e-05
-0.040696364
-1.7146919e-08
-1.7747368e-05
7.873388e-06
-0.0028770412
0.0
-7.37945e-08
-0.031628694
-0.005296635
0.00075754
1.4269533e-05
0.0036590528
0.0007331978
-0.013156968
1.01899555e-08
-0.025320169
-0.13582425
0.0033200665
-1.6866046e-07
-0.00418365
-0.008126054
0.0
-1.6776787e-05
0.0
-4.5716334e-07
-0.0072651105
-0.040651023
0.0005038631
-0.04653304
-1.9168597e-06
0.0014996114
0.0290871
0.018749114
0.06260445
-4.173975e-09
-0.004509543
-0.07371495
-0.00011662674
-0.001911076
-1.4673489e-06
-0.010279298
0.00025015933
-0.0018637467
0.00031132583
-0.0093044955
3.6450606e-07
-7.204198e-08
-0.022042757
0.001522859
3.0006313e-06
1.27198255e-05
-0.00024642976
0.07663689
-0.017253347
5.718605e-05
0.038598306
0.043092113
0.014371894
-0.004147813
0.0004849855
0.0121522015
-0.0027341058
-0.007922425
-0.009347607
-3.314964e-06
-0.00011608642
-0.0046282457
0.005803825
7.870784e-08
-0.008358991
0.00010030695
-0.007942524
0.016985359
0.0011121355
0.00014496467
0.0
0.0
0.05371226
4.0466903e-06
9.142502e-05
-0.0024896262
-0.008239556
-8.989528e-05
-0.01018243
-2.1487025e-05
-0.01695949
-0.0004934494
-0.008713328
-0.10108982
6.690166e-10
2.3082348e-08
0.075510606
0.0022495566
0.038069867
-0.002171024
-0.006733856
-0.013159187
0.06022466
0.01306734
-0.0011069434
0.00090327975
-0.00074703613
1.9334438e-07
0.0040047667
-0.065944694
0.0
0.010721366
-0.00018085854
-0.012172526
-0.04585607
-0.05151058
-0.00021566893
0.0026525646
-3.474931e-05
-0.00069499516
-0.0021406063
-0.02221895
-0.018669108
-0.00026751918
0.007864186
-0.052564662
0.052916273
-0.020367663
-0.003448339
0.016613202
2.2026607e-06
0.016373122
2.497886e-06
0.35556328
0.49509358
0.032314226
-0.0029131745
-0.03327969
-0.005560097
0.0136780245
-0.007592995
-0.008365065
-0.047918063
-0.0067837676
0.103325374
-0.001224721
0.29170212
-0.016448509
0.051699646
-0.046201807
0.005094268
0.013927756
-0.008147924
-0.03610158
-0.037763122
0.10528494
0.006303944
0.01943594
0.00943932
-0.01754872
-0.021864349
-2.8131282e-05
-2.5858102e-05
0.0015662529
-0.07842178
0.025874611
-4.735372e-07
-4.2268135e-07
-0.06747402
-4.3770697e-06
-0.001576812
-0.006843208
0.016713632
-0.0493933
-0.00578727
-0.023160664
-0.14176732
-0.055729665
-0.06271418
-0.005742384
2.4742206e-09
-0.010798119
0.04023366
-0.015059705
0.04951655
0.025485342
-0.03624986
-0.026314985
-0.08651702
-0.058584176
-0.04395921
0.00087126193
0.02316071
-0.051111042
-0.029497106
-0.019163774
-0.07454743
-0.006639859
0.041217145
2.2149503
-0.019986555
0.026904337
-0.09268556
0.029924776
-0.09212121
-0.010873942
-0.005354278
-0.0005563056
-0.015742725
0.00087288726
3.2860524e-05
0.0
0.0033289345
0.00094299734
-0.09131267
0.014875722
-0.004649338
-0.024833038
0.00039281682
-0.1583672
0.02713717
-0.0038150493
0.07430398
0.02845192
0.010967297
-0.03289605
-0.0006810623
-0.1415227
-0.010063026
0.014961386
-0.0091892285
0.0015455056
0.020672932
-0.01637792
0.035581525
-0.011374562
0.046716206
0.006426689
-0.021679841
-0.030065302
0.20955372
-0.08308772
-0.12938046
-0.48741516
-0.012048185
0.030471167
-0.013543263
-0.0060117273
0.009992207
0.050685093
-0.030564211
-6.648532e-05
-0.009623964
0.023867667
-0.008191201
0.000580041
-0.12484001
-0.032941718
0.0025013967
0.019395411
0.031300873
-0.03159008
0.0010243865
-0.01106522
-0.11260221
0.009043574
0.018737368
-0.008600629
0.00073980144
0.24562714
0.21939693
0.30415976
-0.025906716
0.026897956
0.03442248
-0.16902308
0.00815207
0.0036146077
0.0027801523
0.011579476
0.0051424652
0.008608085
-0.0067268624
0.016461087
0.3984287
-0.016514126
0.0
-0.0017179162
-0.0005551963
-0.037965227
0.0016320959
0.006462793
-0.008761265
-0.002728829
0.0064063463
-0.009388137
-0.0044086156
-0.00054641
-0.0016880456
-0.01747297
-0.0023545572
-0.008545661
-0.0090494715
0.56041783
0.058516353
0.0016861665
0.012123969
-0.00851404
-0.008889408
2.274876e-05
0.006589921
-0.019800754
0.0026488951
0.0036234527
9.775152e-06
-0.010444911
-0.031429775
-0.039172735
0.032359377
0.0026314077
-0.04108909
0.0014728516
-0.016548568
0.0006202295
0.023196643
0.003240583
0.00036444265
0.005722179
0.024955971
-0.0007047747
0.01896007
-0.035519212
-0.006662422
0.00035114487
-0.014283977
-0.014405553
-0.009479244
0.10234765
-0.008668105
-0.028786868
0.021776995
0.004181285
-0.0047504883
-0.0044109304
0.0022560367
-0.007145221
0.012630695
-0.010332135
9.14936e-06
-0.0055049066
-0.04241898
0.009608512
0.17270142
-0.013529153
-0.015210811
-0.0058004297
0.001969447
-0.0038434388
0.0009410008
-0.05114581
0.00927211
0.07842526
0.034337208
0.012424369
0.018097807
-0.013427552
0.001237705
-0.013996751
-0.017656649
-0.014525673
-0.08783274
-0.011994577
-0.0061976532
-0.0024907321
0.26331264
0.0006579472
-0.0076332116
-0.010581749
-0.0190753
0.023941848
-0.070406824
0.0003685799
-0.021448908
0.037749723
-0.0043458077
0.0123610385
-0.031444363
0.013124341
-0.044056717
-0.015675027
-0.07107281
-0.023238048
0.0098251095
-0.0070156837
0.025175048
0.006405303
-0.01082682
0.046952594
-0.04123861
-0.04400964
-0.079999514
-0.0005807226
-0.025476798
0.0034595921
-0.048334636
-0.01799986
0.10590666
-0.0008329316
-0.023081511
0.0009794114
-0.00584024
-0.035298515
-0.003680235
0.005027369
-0.013160259
0.011924561
-0.008882364
-8.449471e-05
-0.009949516
0.0070036696
-0.038946263
-9.3813e-06
-0.045275483
0.0
-0.012770608
0.005836791
-0.030388298
-0.0019970227
-0.04497704
-0.004454019
-5.92722e-05
0.014127418
0.0055498714
0.002221537
-0.030342558
-0.013809583
-7.366209e-05
-0.0074944203
0.02396618
-0.024605906
-0.0006139255
-0.021051217
-0.025826365
0.0032517258
0.01254744
0.036838613
-0.041604184
0.0068209562
-0.118997216
0.0008667719
-0.009371317
0.011625445
-0.0077945665
-0.011006027
-0.012441437
-0.005594008
-0.0011943749
-0.007189978
-0.026287474
0.006435167
0.0023715564
-0.0416657
5.6636795e-06
0.0004221394
0.01388476
-0.063088164
-0.0077304454
0.018049732
-0.02372452
0.022909764
0.015423882
-0.0032176583
0.004882568
-0.080815256
0.0
0.002991352
0.0011636558
-0.02002993
-0.00024278172
0.00080852106
0.0016867426
0.008174318
0.03710193
0.12120384
-0.022625873
-0.01144054
-0.0029917664
-0.07607952
-0.068702966
-0.0011817018
0.0010335317
-0.05803559
0.004087025
-0.015336016
-0.010919231
0.0012246943
-0.0064096744
0.004168866
0.051264726
-0.008347538
-0.041516237
-0.0016307721
-0.013666774
-0.0076237447
-0.05529569
-0.0024219102
-0.011771845
-0.017725365
-0.0022177293
-0.029997421
7.592381e-05
-0.026862945
0.009942982
-0.07171339
0.028693663
-0.044088528
-3.7079237e-05
0.17965828
-0.02754236
0.00175926
-0.024267787
0.004233271
-0.010037727
-0.014306192
-0.06674225
0.0035239307
-0.0007590614
-0.07604663
-0.009750421
-3.9349987e-05
0.034957685
-0.032756425
-0.09309408
-0.010833313
-0.00020582607
2.4715716e-06
8.1454675e-07
-0.0070833405
0.03760027
-0.0023174076
-0.005821609
-0.017615622
-0.009256269
-0.026762588
1.6138782e-07
4.3573448e-07
-0.026504532
0.024307232
2.2104982e-07
-0.030290945
-0.0037723295
-2.4513677e-06
-0.028426796
-0.030355161
-0.029326312
-0.054741524
0.0024741509
-0.057021014
-0.04490858
-0.022286402
-0.01487982
-0.0060185795
0.007851487
-0.0023966548
-0.00089849264
-0.0034364238
0.013631891
-0.035916265
-0.026103681
-0.019634547
0.016895844
-0.009561076
0.018375587
-0.010976315
8.584556e-05
1.6906033e-05
7.773364e-06
8.532423e-06
8.852097e-06
-0.006100043
-0.020019254
-0.010097818
-0.0005517378
-0.02399571
2.0181695e-05
-0.0025290002
-0.026623132
-0.022971714
0.06087792
-0.1591352
0.045481674
-0.0006497661
-0.021291533
0.015619562
0.008467025
-0.0022272998
-0.0054442603
0.0011856412
0.0057035848
-0.034983575
-0.014436605
-0.032335997
-0.03058504
0.009714409
-0.007870696
-0.04509953
7.621434e-07
-0.014928899
7.4433688e-06
-0.0005235673
0.20390193
0.04876156
0.0075538056
-0.040104896
0.008122546
0.014572599
0.004895746
-0.042094942
-0.03434021
0.036404725
-0.018895624
-0.0125418035
-0.046575878
-0.006570376
0.013814001
-0.021627024
0.0064165113
0.0003219971
-0.008092564
-0.0141475415
-0.05305804
-0.0073943543
-0.014618963
0.0036515659
1.1391166e-06
-0.00040095896
-0.03468473
-0.049222693
-0.05712198
-0.007781634
0.030229453
0.027682902
0.0010532562
-0.004809237
-0.021167282
-0.014243284
-0.04308325
-0.00072206405
-0.017536612
-0.0031407082
-3.4915927e-05
-0.14075874
0.05067697
1.6441626e-06
-0.008465499
5.5634014e-06
-0.0003222096
-7.595443e-06
-0.005524423
-0.014036497
-0.052305225
-0.02112149
-0.001354386
-0.028165279
0.0010655245
3.9039165e-05
-0.009314437
-0.07101811
-2.8757739e-05
-0.0019122098
-0.02682601
-0.0058589005
-0.016506165
0.026511904
-0.0060946187
-0.04853478
-0.098150946
0.004025431
-0.02003858
-0.05519776
0.00040589727
0.0028421306
-0.0578577
0.02804971
-0.024955371
-0.0062475526
0.0032652456
-0.0020548983
0.028755452
0.0028485875
-0.05370637
-0.019288838
-0.03232314
0.03444834
-0.026069924
-0.14496112
0.005859057
-0.01202355
-0.039695915
-0.029593034
0.008734458
-0.012678789
-0.01549977
-0.01729029
-0.03643981
-0.0016880542
-0.03747975
-0.030111391
-0.00811436
-0.013116437
-0.007652998
-0.022420341
0.0052096765
-1.5185035e-05
-0.10853959
-0.002446749
-0.038602427
0.004156152
-0.008187733
-0.009258503
-0.01465592
0.12585796
-0.011166926
-0.019249491
-0.03200608
0.011089969
-0.0018167087
-0.030871239
0.03937739
6.0480886e-08
-0.007933493
-0.028721223
-0.008263402
0.0044912877
-2.8625884e-06
-0.06023504
-0.0003397679
-0.016809197
0.008967966
-0.010231053
-0.0007797635
0.0029431386
-0.010869712
0.00093164184
0.028303498
-0.004243608
0.0
-0.029148543
0.061139155
-0.014004593
-0.020502845
0.047900055
-0.0107088825
-0.008966003
-0.007513477
-0.0015011589
0.024280878
0.0007785424
0.00372301
-0.022936447
-0.021763433
-0.005128107
0.0073151183
0.0059662964
-0.0399951
-0.0034198596
-0.014918449
-0.015985485
0.023161817
-0.00827092
-0.09339675
-0.03323602
-0.02681751
-0.0044109947
0.020107217
0.01643548
1.7375513e-06
1.5217725e-07
-0.043965705
-0.009027557
0.0003011277
-0.007824134
-0.018196017
-0.024922233
-0.01130012
-0.0013202807
-0.008970794
0.008664889
-0.03287507
-0.08364166
0.056177
-0.015481552
-0.017339488
0.0056152055
-0.013132255
0.0009197064
-0.0047144988
0.00017795517
-0.055478193
-0.0049242834
-0.026347417
-0.002679242
-0.1049015
0.0092628375
0.02501892
-0.0019496748
3.2840962e-05
-0.036575545
-0.0007189985
0.0010631212
0.00027773617
-0.016417373
0.0068934974
-0.028206196
0.0070173703
1.7332552e-06
-0.01766423
-0.08609946
-0.017968198
0.0037860277
0.015373859
-0.034901626
0.030649187
-0.0052901036
-0.032414902
-0.0016364304
-0.012400805
-0.0022586803
-0.04201336
0.02740213
-0.031354353
-0.005693087
-0.0138420155
-0.025533238
0.026626298
-0.012847119
-0.22589384
0.002373622
0.0059231105
-7.140235e-05
-0.08740895
0.019732038
-0.026853044
0.04185454
-0.012216598
-0.0015101393
-0.015143641
-0.022052111
0.009217062
-0.026264528
-0.0017398769
0.0037003031
-0.009547518
-0.39361078
-0.08192749
-0.0015839832
-0.033137176
-0.005158336
-0.021741556
-0.014167764
0.008041936
-0.0012586832
-0.0028169302
-3.979213e-06
0.03438068
-6.81635e-05
-0.025672918
-0.016413651
-0.028544517
-0.0201659
-0.00080462144
-0.00010795196
2.8231194e-05
8.069019e-05
-0.03330397
-0.0073884805
0.0007918189
-0.027391296
0.020207874
-0.008478457
-0.00020574416
-0.011561054
-0.00060980895
-0.09095733
0.015110201
-0.022874275
-0.00904624
-0.0033948247
-0.013133106
-0.009321774
0.0062727355
0.014963771
-0.0040252632
-2.2593593e-05
-0.008466343
3.935143e-10
-0.0071313097
0.00032803006
-0.013646352
-0.00835193
-0.01449123
0.012339552
2.9402909e-05
0.115710124
0.19682956
0.050649866
-5.8933343e-05
-0.023970762
-0.12607792
-0.0073741004
-0.007640929
-0.0056943935
5.4124008e-05
-6.6894215e-09
2.0404535e-07
-0.014276275
-0.0016367575
-0.008389523
-0.010685829
-8.8135925e-09
-4.4088643e-05
-0.0028298115
2.3905904e-09
0.0062913965
-0.02121039
0.011503796
6.427004e-05
-4.3034694e-07
-0.0541218
0.003654115
-0.0020438149
0.00010077849
3.488311e-08
-0.0020546406
0.001653705
0.011232939
-0.005384751
-7.2770044e-06
-0.01296715
0.00011976422
-0.03867066
0.004911144
0.009636549
0.0022341977
7.648547e-07
9.959935e-05
-0.004515609
-1.603689e-08
-0.00712505
-3.8210956e-07
-6.920588e-09
-0.001179677
-0.0004662324
-0.0074432394
-0.00033588137
0.005727757
-0.011132722
0.00010537662
0.0001435727
-0.020154953
-0.004304143
-1.965651e-07
-0.014071922
-9.7433386e-08
-1.0146051e-05
-7.984914e-08
-0.00026353452
-2.1273794e-05
-0.014874256
-0.0045419554
-0.04568739
2.9015348e-05
-2.195578e-09
-0.013052773
-0.0129488055
-9.222934e-05
-5.3214047e-09
1.2345106e-05
-0.0012366747
-0.009255251
1.244651e-06
-9.256195e-05
1.3932575e-07
0.0017112576
-0.00087362184
-1.9862919e-06
-3.108474e-08
7.082281e-07
-8.75801e-05
-0.0016117343
-0.000991898
-3.169858e-09
9.6598605e-09
-0.041866135
-0.00013846882
0.001346303
4.119386e-06
-0.0025415071
-0.0396292
-0.01772211
-0.0023461776
-0.0046098973
-0.009650666
-0.0063281027
-0.006544361
0.000555899
-0.010973118
-0.006657513
-0.017528964
-0.00056533504
-0.00920693
-0.017596237
-3.4169158e-08
-0.008956135
-0.02621042
-0.0064356728
-0.04451024
0.0048309383
-0.0004629355
-0.00035971275
-1.5300689e-08
0.021676227
-0.029601205
0.05583579
-0.047695257
-0.07188729
-0.00023787454
0.0075888345
1.2431741e-05
-5.9548166e-09
2.1625478e-07
9.826291e-05
-0.037891828
-1.7287849e-07
-0.013012456
-0.005533445
5.967617e-06
-0.030028867
-0.0023160179
-0.056007586
-0.00026801127
3.924683e-09
-1.705006e-07
1.5362317e-06
-0.0127785
-0.0047207335
-8.327388e-08
-0.0001608243
-6.263792e-06
1.2441446e-07
-4.0121563e-06
-0.01690685
-8.4033305e-09
-0.025823124
3.3978367e-07
-0.033049885
0.00042675596
6.242673e-07
3.0574518e-09
-0.016671231
-0.020545494
0.0023162398
4.9103235e-08
-0.0077787647
-2.232573e-05
-0.018035794
0.027044233
6.787732e-07
0.023698028
-4.6839716e-05
1.9483077e-06
2.4956194e-07
-0.0060535143
-0.0050769947
-0.00065643206
-0.005143019
-0.0031973391
4.3095297e-05
0.0022276426
0.0010434558
0.0061730705
-0.00094279816
-0.0036047609
-0.020839537
0.0023495187
-3.0915176e-06
-0.0010820469
1.804107e-06
3.1954707e-05
-0.05277614
0.000494528
-2.7724938e-05
-0.037866924
0.0018186097
0.0011647709
-3.635559e-07
-0.0010487032
-0.012267102
-0.001278698
2.6919558e-06
-0.019472998
0.013619683
-2.1214224e-07
-0.0014945253
-0.009387518
3.7071193e-10
-0.008753683
-0.031916596
-0.005858163
-0.004724106
-0.012385614
-0.0060898885
-7.30277e-05
0.008267634
-0.009217225
0.0
-2.5919288e-08
-0.046082024
-0.003059898
1.3655308e-06
-0.0002169512
-0.00045562975
-0.011328022
-0.032044426
-0.008943067
-0.02005612
0.0011966942
3.9488696e-05
-0.002705805
-1.38377e-05
0.00038699026
-0.01614862
-0.02802964
0.0025912635
0.00781977
1.16252e-05
6.590316e-05
2.0726036e-05
-0.005035915
-0.0020540182
0.030202556
0.026822833
-1.4593861e-07
-0.017950645
4.732276e-05
4.9410646e-05
-5.801492e-07
-4.3537016e-06
-2.8289622e-05
-1.2652544e-05
2.6691534e-05
-0.01558423
1.4875243e-07
-7.8946705e-06
0.0002551844
-0.00445956
-0.005165608
0.0
-1.5493859e-10
-1.1993008e-09
-1.7308046e-09
-0.048429746
-0.016033545
-0.03266913
8.082437e-10
-5.30959e-06
-0.004554832
2.178841e-09
-0.0033020205
0.00066897203
-0.0052417004
-5.647535e-06
-1.3076706e-07
-0.0004444417
-0.026590472
1.06265524e-07
-0.0015256875
0.0013523082
-0.006570205
-4.288332e-06
0.0
-5.8571916e-09
6.3123616e-06
-0.01650711
-0.013480406
-0.024737073
1.2106473e-05
5.7619003e-05
-0.0487905
-0.017335247
0.0
-0.005654017
-0.0033196765
-0.0012149706
-0.0044472055
-0.0029919513
0.0
-0.0076688877
0.0
1.2592119e-07
2.2774884e-07
0.0048347604
-0.06384391
5.3601743e-05
-0.01649138
-0.026804637
0.0
4.462648e-09
-7.186118e-09
5.9388267e-08
0.0
0.022217728
-0.005270624
2.605352e-07
-1.954354e-07
0.00108783
1.4688346e-05
7.87915e-06
-0.021398818
-1.134398e-08
-0.000892504
-0.013402477
-0.049156763
-2.1432688e-05
0.0016331527
2.2686558e-08
7.556446e-09
-0.011393904
-0.027109204
-1.184168e-09
-6.894462e-05
-0.040473115
-0.04627252
-0.032406926
-0.0014226907
0.00682889
0.039669517
-0.017874267
-0.04736666
-0.0008766124
-0.023915797
0.0003314321
-0.00025926353
-0.027586369
-0.00321773
4.5056066e-08
-0.00015634157
-9.6541335e-05
-0.12469079
-0.030961331
1.1822431e-05
2.6655016e-07
2.3777429e-07
0.0
0.0077020084
-0.01712022
-2.1020503e-09
-4.699948e-09
-0.027826125
-0.028574081
0.0015839037
0.0014088707
-0.0038571612
-7.646805e-07
-0.013999238
8.396349e-06
-1.71873e-05
0.0
-0.0023801434
-0.01112276
-0.003059884
-0.0035753804
-0.019623155
-3.6819956e-06
-0.000102507314
-4.2204156e-05
-0.000715609
1.5554422e-05
-0.002135932
0.0
0.0005619301
2.26304e-06
-5.7632025e-08
3.6516292e-09
0.000855999
-3.1684638e-10
-0.01252345
-8.407718e-08
0.011486341
-0.012326213
-0.005011976
-1.925985e-05
-0.010666979
3.509306e-08
-8.699585e-08
-0.0014183769
2.8058224e-07
-8.6182146e-05
-0.012874723
5.730847e-09
-7.874674e-06
0.0006743275
2.1236194e-06
2.89357e-06
0.011601727
6.4875195e-07
-2.6038204e-05
9.285744e-05
-0.008960925
-1.5840538e-05
9.072696e-05
1.3949657e-06
-0.006496919
7.9251004e-07
0.0024136768
-0.014962867
-7.66739e-06
-0.0024444682
-0.004855353
0.0
-0.013683015
2.7568296e-07
-0.00011459846
-0.0047533307
0.00022208862
-0.039832767
-0.0012151459
1.5862203e-07
-0.002066369
-0.019590195
-0.00014270705
-0.01623325
-4.485708e-08
-6.8868435e-09
0.0110367285
-4.087488e-07
0.0
-1.7747738e-05
0.0020707543
-0.00033132578
-0.007858453
-4.715286e-07
-0.00026772617
-0.00012895853
-0.044274367
0.007389054
-8.443582e-05
0.004458031
-0.010095919
0.011477886
-1.0870922e-05
-0.013600084
-0.00043891818
-1.9883942e-06
8.100494e-06
-0.019435937
0.0008009902
-1.7200503e-09
-2.867994e-07
-0.019319536
-6.0556177e-10
-0.020893665
-0.009722309
-7.540554e-09
-0.014173151
6.758032e-09
-3.7111087e-05
-6.547131e-05
-0.0044628796
-5.4739235e-08
-5.5350797e-06
-7.674533e-09
-0.023578733
-3.4698453e-05
-9.667064e-08
-0.0339511
-1.9325043e-08
-2.8193153e-06
-9.557345e-06
0.0
1.4423739e-08
0.0
1.4450255e-08
1.4419007e-08
2.5599816e-08
-1.2874801e-05
6.8245676e-09
-0.013620686
-9.495903e-08
-1.9074248e-05
0.0005648489
-0.023975704
0.00010841868
-0.06208106
-0.016120039
-9.889633e-05
-1.3080516e-07
-8.818751e-08
-5.355527e-05
0.0
-0.02444011
-0.00012440728
2.6723239e-08
-0.00011120287
0.0024175649
0.006917965
-0.012653875
0.002461906
6.2444045e-08
-1.8425255e-05
-0.0014981142
8.9480645e-10
-0.0037560635
-6.6026715e-08
0.0045848554
0.032698534
-5.9073436e-06
2.7332683e-06
-0.0055173743
0.0
7.840777e-07
-4.1766575e-07
-0.046661906
0.0
-8.370052e-05
-0.00029886735
-7.344921e-07
0.0060806633
-0.010216449
-0.024795787
-2.9456555e-06
-0.0249264
0.0
-0.028799787
-0.03659278
-0.041904837
-0.018148368
-0.0041452707
-0.044860583
-2.8434837e-09
0.02320255
2.883961e-06
-0.008644708
-4.8345523e-08
-9.5214153e-07
-0.00028410382
1.1594371e-07
-0.0043081725
-0.08532033
0.0077179954
-0.0037952333
0.020308651
-0.0125212865
0.001662921
0.0
-0.0081543485
1.3984403e-06
-0.0072019487
-0.005018978
-3.8179433e-08
5.3102203e-06
5.6160028e-09
2.4631628e-08
0.0013652975
-4.1740225e-07
-0.0004017842
-0.024780829
1.205898e-08
2.0543654e-07
-0.013653227
-0.00041917854
-0.019620944
-0.00045079776
1.3406664e-09
-5.142112e-05
-0.04894097
1.4103479e-05
-0.0149136195
-1.0913941e-06
-1.4363528e-08
-3.7214556e-06
-0.0065580853
-1.595379e-05
1.3930651e-07
-0.023476522
0.0
0.0
8.909807e-06
-0.030019492
-0.0011002962
5.08394e-06
-0.0031316231
-4.0968376e-10
5.0820763e-06
-1.8076065e-05
-9.8709505e-05
-0.016442321
-1.768852e-08
-3.8389626e-08
-4.264089e-09
0.0013998207
9.876862e-06
0.0
-1.4233713e-06
-7.8310375e-05
-1.4830609e-10
-0.009863329
0.00044187726
3.1224268e-09
-0.00037816595
-0.031725872
0.0
-0.00925351
2.6687326e-08
-0.00988041
1.1929815e-07
-8.749315e-07
0.0
-0.00032273433
-7.1129236e-09
2.754457e-09
0.0
1.3188691e-06
0.0
0.0
0.0
0.0
-0.0030304908
-0.00012323802
-0.007890082
7.3924705e-10
3.1606335e-06
-7.147148e-05
9.0276507e-07
0.0024607526
-1.176659e-09
3.6403702e-07
2.5421043e-08
-1.4343851e-06
5.78979e-06
-4.0569518e-08
0.0
0.02207413
0.0
-0.019441841
-0.002288051
0.015356009
-2.3393655e-08
-0.004669541
7.984121e-06
0.016243601
5.7908874e-06
-8.119293e-07
0.022997089
-0.0059291185
0.0067669083
-0.0011731089
-1.1649506e-07
-2.417452e-05
1.2422352e-05
-0.0078578405
-0.022555042
0.014578773
-0.0076610697
2.611288e-06
0.031141523
1.5594428e-06
3.7604772e-07
-0.008300445
-0.0055878568
-0.0090198675
-0.014967507
-0.004210369
-0.000278262
-0.01944327
-0.019060854
-0.007617209
-0.00030989153
-0.021325083
-0.011963623
0.12580149
0.0005576139
-0.0004244296
9.754997e-07
0.006455544
0.00042743614
0.00027272734
-0.008984828
-0.0027829558
-0.007389445
-0.00022517791
-0.022342969
0.002315784
-0.02117748
0.014954785
-0.028109014
0.0012701513
0.024828043
-0.011511161
-0.00051735295
-0.08183254
-0.0009246758
9.248647e-05
-0.0087382095
-0.041680865
-0.055661216
0.02814339
0.006920311
3.1424218e-08
-0.009260535
-0.00016760803
-0.027168583
0.00018153849
0.0144529
0.0006442098
0.0075457124
-0.0112708835
-0.007654501
0.00023383512
-0.026400706
-0.0015094605
-0.022076074
-0.008184147
4.5450724e-05
-0.011592914
-0.010536877
-0.006559203
-6.529508e-07
0.16898978
-0.008669956
-1.29423715e-05
-0.0044743977
-0.025156131
-0.0075294455
-0.0051736217
-0.010850196
-0.013602403
0.02619675
-0.035649326
-0.14836042
-0.010063799
0.000441106
0.013737933
-0.018237203
0.0011503213
-0.044207472
-0.021237627
-0.0137536805
-6.355144e-05
-0.00065075734
-0.034149125
-0.009711568
0.00012635795
-0.018671865
-0.0061125704
-0.0315399
-0.011275874
-0.01853446
-0.00050288794
-2.2392129e-05
-0.008476748
0.030315498
-0.0063575804
-0.07061208
0.023501938
0.011609088
-0.0002816539
-0.026733201
5.316442e-07
-0.014778569
0.0
0.019410308
-0.006696719
-0.013914228
-0.0030205848
-0.035133395
0.0006014172
-0.0008439993
0.0014439273
-0.0065446063
0.018498225
-0.00038270102
0.0012560524
-0.0029717393
-0.001983251
-0.00058241445
4.814222e-06
0.0
9.647735e-06
0.0300559
-0.0025026733
-0.01590698
-0.019330753
-0.008855719
0.00034938662
6.2478335e-05
-0.023764031
-0.0015954312
0.00047579771
-0.00016582348
-0.02052303
-0.0022176455
-0.006258737
-0.0067885206
-0.0055215177
-0.000591104
-0.00017317537
-0.008251845
-0.010116965
-0.018733215
-0.0036267512
-0.03432973
-0.011038553
-0.042809296
0.0017971852
-0.010242571
-0.017982071
-0.007158745
-0.008836011
-0.0012336812
-0.0007258013
-0.0022426674
-0.015372371
0.0051383777
-0.025180342
0.031943653
0.00013477419
5.3018073e-05
0.0028747036
-0.006285796
-0.014152332
-0.0061612027
-0.090573244
-1.1342393e-06
-0.011205666
0.09532714
0.019534465
-0.009675535
0.00036965715
-0.0047491705
-0.009301941
-0.00062121655
0.0
-0.019546403
-0.011992061
0.0108571695
-0.039550457
-0.06039065
-0.02579029
0.0059183906
-0.013320452
-0.028830376
-0.008638627
-0.0057382667
4.404857e-06
5.5731452e-05
1.8941786e-05
-0.010407521
-0.012260262
-0.04019822
-0.0001698998
-0.01588967
-0.009031586
0.030261539
2.18087e-05
0.002450497
0.0017054442
0.0010692595
-0.009456202
0.0025383807
-0.0005257392
1.721505e-05
-0.040401302
6.998692e-08
8.374933e-06
-0.0043280013
-0.0046996833
0.009420763
-0.00020976359
0.0004171174
-1.7821296e-07
-0.022183064
-0.0059767975
-0.007416763
-0.00517592
-0.014320447
0.000112687434
-0.010149585
-0.01025369
-0.009931485
-0.0003148472
-0.030615237
-0.081713505
7.864994e-08
0.00014663406
2.0270627e-06
-0.16801165
-0.00024518318
-0.001026049
-0.034944423
-0.012828237
0.00011122261
0.0011953248
0.038878787
0.0
0.0
8.7819005e-09
-0.0015795792
-0.00019619628
0.0002637318
-0.03599494
0.0029885296
-0.0015097196
-0.003281404
1.6822702e-06
0.002519768
-0.0028185716
-0.012908444
-0.0009499945
-0.043011654
-0.026994836
-0.03729397
0.0017697564
0.0017456191
-0.002048565
0.0029057944
1.18388e-05
-0.05436718
0.012457515
-0.02117277
-0.02326472
-0.010086466
0.00021553328
-0.010326331
-0.006053138
0.00010662703
3.5395735e-07
7.2944466e-05
-0.016831402
0.0010597766
-0.009087494
2.4781832e-06
0.0045490554
0.0132505875
-0.023033347
-0.006654157
-0.022041233
-0.04396397
0.00034681833
-6.1350765e-05
-0.0020548285
0.010356677
2.792659e-07
0.015045833
-0.01947459
-0.012771987
-0.012764496
0.1146469
-0.032170154
0.006807723
-0.0060044792
-0.008884828
-6.7133406e-06
0.011315091
-4.765751e-06
-0.012503812
-0.03724262
0.00010218586
-0.020208258
-0.0077416175
-0.007304996
-0.035819482
-0.007031681
-0.00063607324
-0.0008205966
-0.0036112221
-0.0037288615
-0.05723322
-0.0004669653
-0.0031899319
-0.006893072
0.0029131456
-0.0034568717
-0.012829768
-0.0053354944
-0.004905624
0.024177881
-0.015282197
0.000113088616
-0.009728279
0.012188069
0.0073310854
-0.04241678
-0.03129035
-0.01790449
0.0013233686
-0.012884123
2.9923608e-06
-0.0014359119
1.0209749e-06
-9.7979646e-05
0.0008514391
9.594941e-07
9.3152863e-07
-0.022011373
0.00012429182
-0.00027450998
-0.011927968
-0.0039441003
1.8483707e-06
-0.061107796
-0.010688508
-4.71652e-06
-0.012882202
0.004226702
-0.00011450622
-0.0045835404
0.094502084
1.7876886e-05
-0.003909833
2.2456147e-08
-1.0884048e-05
-0.010016182
6.375432e-08
4.0723222e-08
-0.029448042
-0.018045522
-0.018135617
-0.011875429
-1.1097088e-05
-0.00018054663
0.0012830961
-0.016431402
1.6306402e-07
-0.0023494205
-0.015224154
-0.01638824
-0.0006816124
-3.51353e-06
-0.008027511
0.013530646
-2.6983327e-05
-0.007016742
0.0019323007
-6.3475835e-07
0.010596566
-7.2304047e-06
1.2791435e-06
0.0
0.0117438715
4.6243062e-07
-0.000220722
-0.0011770108
-0.0058279852
-0.011115996
-0.011984193
7.658514e-07
4.877269e-07
-0.0152708525
-0.0318046
5.5545348e-05
5.48996e-08
-0.006251481
-0.0006299594
0.02558511
-0.03522972
-0.010817295
-0.0076568383
-0.009186327
-0.0009268219
1.3853603e-06
1.3183859e-07
-0.0018445041
0.019913191
-9.900088e-05
-0.00032204838
0.09937036
0.0
4.9583974e-08
-4.2288034e-06
-0.0055993577
-7.5765325e-05
-2.2306753e-05
0.008602875
-0.00050876394
0.0011902477
4.241887e-06
-0.018168746
-0.00031241868
0.008049076
8.0869495e-06
-0.045534376
-0.21874958
-0.0063325823
-0.028903892
-0.01733409
-0.0015736389
-0.016042242
0.014080577
-0.00013937194
1.3298378e-09
-0.003270897
4.598341e-09
2.4275762e-06
1.4228922e-05
-0.0009205861
-0.0033486453
-0.00016171084
0.0
-0.00022262179
-0.0033109959
0.0
-0.002553953
-0.00022095496
-0.00022693467
5.887734e-09
-0.00030251744
-0.010420127
-0.0011686623
-1.7916367e-05
-7.428855e-07
2.23364e-09
-1.4390655e-07
9.715819e-10
-6.945961e-08
-0.0027441247
-1.8337955e-06
2.8165261e-05
-0.0009913943
-8.32772e-09
4.5549135e-07
-0.015473377
0.0
-2.7102908e-05
-3.0041901e-06
-0.00028740455
-0.0013834254
-2.4514284e-08
0.03056601
-7.842593e-09
9.771468e-05
0.0
-0.017807195
-0.0070428983
-0.02529051
2.5660262e-07
-3.2083283e-10
-2.2262953e-10
-0.02013037
0.00078026135
-0.014071645
-1.5428393e-05
-0.009641532
-0.010090534
1.1030659e-08
-0.00014943571
-5.0394214e-05
3.5581812e-10
0.0
-0.00025359492
-0.008906603
-2.2309734e-05
-2.0463486e-09
-4.3705424e-07
-0.00013037762
0.0
-3.2904095e-06
-0.001236638
-1.6638394e-07
-0.021295998
-0.014060419
-3.5097943e-07
-0.016652174
-6.4558385e-06
0.0
1.5125411e-06
-0.042540703
2.8487037e-08
-1.7144197e-05
0.0
0.030946758
-0.03002247
-7.703466e-08
-0.032411266
-0.0030593527
-0.033554763
-0.00048042426
-0.017675767
-5.702042e-07
0.0
-5.235063e-07
-2.1728827e-05
-1.18892265e-08
-0.0008761902
-9.833853e-08
-2.974926e-10
-0.0107043395
-3.9208728e-05
-2.576969e-08
-2.0093498e-07
-0.00968459
7.995334e-09
9.320793e-08
-1.9952252e-07
-0.0065964526
-5.209764e-09
-5.3141393e-05
-4.0972744e-05
-1.0721043e-06
-2.505771e-08
0.0
0.0
0.028807016
1.1900245e-06
0.0
-0.0012695037
-2.611191e-08
5.2633886e-10
-2.2267974e-07
-0.00015311158
-0.002238946
-0.002540066
0.00042626692
1.4854601e-06
0.0042082993
9.44032e-08
5.0086832e-09
0.0
-8.917754e-08
-0.0007182767
-0.013609361
0.0
-0.044777773
-2.4511584e-08
0.0
0.0
0.0
-6.3607297e-07
-8.3243656e-05
-0.0008413454
-0.00027026195
-4.7119283e-06
-0.0110353185
-0.00013077854
-4.968658e-08
0.0
-0.0012606804
0.0
3.041924e-07
0.0
-0.004649989
0.0
-0.0003749934
-0.008968857
-3.031408e-06
0.01022888
-8.154286e-09
-0.012146541
-3.787642e-09
0.0
-1.105084e-05
-1.8852438e-08
0.0
0.013260146
-5.3318887e-09
-0.033583872
-3.8101664e-09
0.0
-0.010463886
-0.0010555587
-3.5852397e-09
4.068919e-08
0.0
0.0
-0.00066145434
0.0
-1.8325088e-09
-2.2049832e-08
0.0
0.0
0.0
-1.23793065e-08
0.0
0.0
0.0
2.690642e-09
-5.2318097e-08
-1.2121394e-05
-0.0132260695
4.015689e-07
-0.009503179
-0.0075401715
-1.2408667e-07
-0.017423574
-0.0007847246
0.0
-0.025278103
-1.7469382e-07
0.0
0.035973508
3.2217764e-07
-0.0005179276
0.0
6.952695e-08
-1.606764e-07
0.0
-0.014078947
-2.929211e-06
0.0008964814
0.0
-0.00020398156
-3.493434e-07
-0.011785139
0.0012827327
-6.297602e-06
-1.9655333e-06
-8.145516e-09
-0.042390212
-0.00013088444
-0.033590462
0.012149522
1.3851838e-05
1.5821937e-05
-0.0020211078
0.0003136048
-0.00029376097
-0.02733654
-2.9398103e-10
-0.00031776764
-2.8190333e-10
-0.00093225396
-0.0042285006
1.3331097e-06
0.0
0.0
-0.0038872638
-0.017413972
-2.9009461e-05
-1.6659693e-06
-0.0033013322
-9.885605e-08
-3.6736577e-07
0.049174804
0.00075967755
-0.0023078956
-0.00035295656
0.004346141
-3.7623952e-08
4.1864287e-06
-8.674738e-09
-0.0048327544
7.3686e-08
1.2213858e-06
-6.02931e-09
-4.5608987e-05
-9.850319e-05
0.0
-0.0027317663
2.0917641e-08
0.0
-0.007666467
0.015518071
7.0931394e-09
-0.017134082
-2.8370678e-06
0.0
6.5042345e-09
-8.449447e-09
0.014139385
-1.4450818e-06
-3.802625e-08
0.0
0.0
-5.5390057e-09
-0.012009411
0.038222145
-3.748255e-06
-3.568069e-09
5.8500755e-09
-0.00013385525
-1.376155e-07
-0.007892422
0.017394729
0.045395963
-8.819915e-08
-0.042125564
-0.021585159
-2.4888306e-05
-0.0011008251
-0.0003561291
-3.658395e-07
-0.0017212317
-1.7260086e-09
-0.002041001
-0.00045337217
1.8222361e-05
0.0
0.00024055563
2.9593636e-07
8.703501e-07
-9.17255e-05
-3.4440283e-05
-0.0003459931
-0.014020468
-5.355625e-05
0.0011616311
-5.596946e-08
-0.014544197
-0.0059863
-1.12226644e-07
-0.0024268504
-0.00039367256
0.022094946
-7.9836006e-08
-8.325497e-09
-0.0039392393
0.0012394198
-1.0399974e-07
-0.06864091
-0.0020992288
0.0022058624
0.0039831935
0.003279421
5.6721152e-08
0.022751715
0.0
-0.015790088
-0.011848788
2.648197e-08
-0.026589198
0.040767968
0.0009732925
-0.004352602
2.2054493e-07
0.0010968031
-0.0036172415
-0.0003696773
-0.016756179
-3.4200243e-06
-1.0215634e-06
0.0
0.0
-2.2872407e-06
5.392181e-09
-6.065395e-08
5.928428e-09
-0.0009061104
4.5603766e-08
0.0013485164
2.2329636e-09
-0.00026400568
3.6734748e-06
-0.016797792
-2.9588642e-07
-0.00050001015
-0.00065756874
-0.0179126
-2.278546e-06
-0.0014945547
5.19016e-08
-0.021225149
-1.9056897e-07
-0.00046132668
1.0945905e-05
1.6663229e-05
0.02153872
-2.2731374e-05
-0.020729376
-0.01882955
-1.1160947e-06
-5.2081777e-08
-0.00015221647
-2.5332867e-09
-0.047150478
2.1004994e-06
0.0
-0.018968621
-0.025937814
-0.010354092
-0.0076903347
-5.6505353e-08
-0.0013521016
-0.022381997
8.370131e-08
-0.013327045
-0.021404674
-0.031949725
-0.00960091
-4.2244768e-09
-0.0055008167
2.6228076e-05
0.0021977436
6.961644e-07
0.0004570793
-0.00064058544
1.0397571e-06
-0.015452368
-0.0047873855
-9.349329e-08
1.3418923e-08
-2.229028e-06
-0.011648809
-0.014244789
-0.009840686
0.0
-0.03658098
-3.303875e-08
-1.7532935e-06
-8.9265095e-06
-0.00011273229
-6.1841223e-07
-3.4687085e-07
-4.8790963e-07
0.0
-3.0851776e-08
2.6046298e-09
-0.00012827587
-0.004138933
0.031270217
-1.6901131e-08
-1.5338481e-06
0.0
-2.9849274e-05
-0.023931475
-0.0081316
-0.0081297755
-2.2408656e-08
-0.0041941185
-1.7232243e-06
-0.00012857692
0.0
-3.9543446e-10
-0.00087333226
-0.014717897
-2.7192293e-06
-1.1344573e-05
-0.0023305833
3.0235356e-09
-2.340596e-08
-0.025394702
-0.0011177149
4.8058973e-07
0.0
-7.3115224e-08
0.0
0.0
-3.6590276e-07
-0.0010944679
-1.483333e-05
-0.00010525398
-0.00071454037
-2.1575401e-09
0.0
0.0
-4.726723e-05
-0.025509614
-2.4592193e-06
-2.0398438e-07
1.0348398e-09
-0.00031916014
-0.006442751
-4.7173853e-05
2.5206826e-09
-0.006712115
-4.0554382e-06
-0.00034194524
3.5480505e-06
3.2411464e-08
0.0
0.0
-0.008027314
0.0
-3.0963676e-09
-0.011332864
-1.2470764e-06
-0.00054012553
8.6372753e-10
-3.877745e-07
0.0
0.0006273758
-1.768206e-10
-0.0019026311
0.0
0.0
0.0
0.0
0.0
-6.670563e-07
2.3482893e-07
-4.3910345e-06
-0.013855052
-6.710833e-05
0.0
-4.1634146e-07
-1.4335337e-06
-4.1194508e-07
-0.00014231686
-0.00082167966
-0.02249582
2.746207e-10
0.0
0.0
-4.0198593e-08
-5.124506e-09
-6.6069797e-06
-8.1050855e-09
-0.004236542
0.0
1.1518952e-09
0.0
2.8602956e-10
5.007057e-06
-0.0020598632
-0.000113845264
-3.81973e-10
3.446042e-07
0.0
-2.4487852e-07
-1.9660668e-08
-0.015445748
-4.0716342e-05
-0.019434132
-3.6395313e-06
-0.010294858
-0.00044118575
0.0
4.8025623e-09
-0.007404239
-4.7862914e-09
-0.0046640257
-0.0003534328
0.00027716023
0.0
-1.6461277e-06
0.0
-0.017122813
-9.690697e-10
-1.1963531e-05
0.0
0.0
0.0
-5.831982e-10
0.00019189765
0.0
-4.2928747e-05
-0.016832631
-0.00018873012
-1.4852525e-06
0.0
-0.0026642494
-0.017529024
0.011340498
0.0
0.0003995726
-0.0004089484
0.00053134805
-0.010808003
-3.2849437e-07
-0.018471284
-2.1448892e-05
-2.0463364e-08
0.0
0.0
0.01807652
0.0
0.0
0.017825555
-0.00061012275
-2.4012576e-09
0.0
-4.2836764e-05
-0.0015820105
0.010285447
2.866784e-09
-9.675872e-10
-0.0061722454
-0.008593431
1.960155e-09
-8.4393156e-05
-0.00011158929
8.743334e-10
-0.011991923
-3.9128834e-05
-0.008649495
1.8620094e-07
-1.288696e-07
-0.00031938072
0.0052619395
0.0
-3.7811726e-05
0.0
-3.8863825e-05
-1.7878182e-06
0.0
-7.193899e-11
-1.0929978e-05
-2.8187414e-11
0.0
-0.004839925
-0.0011357364
0.0
0.0
-0.0001576698
-0.0034005805
-0.006506033
2.946464e-09
-0.025879972
-0.00879382
-0.00027605833
-0.00013451971
0.0
4.920977e-07
-0.0010848569
-0.016937796
-1.9522811e-07
-2.9409535e-05
-0.0098158205
-0.008694018
-3.2761178e-05
0.0
-0.0019177399
2.237519e-07
1.3948362e-08
1.395013e-08
-0.004569005
0.011901324
0.0
0.0
0.0
-2.0919773e-09
-3.6612691e-06
-2.43595e-05
0.0
-0.01913638
0.009174312
-0.0061663366
-0.0076215486
-0.027594112
0.0
5.7671127e-08
0.014103366
-0.018558078
-3.3344913e-06
-0.027341919
0.0
-1.6910197e-05
-0.005919423
-1.4001084e-05
0.0
-0.019368045
-0.017722787
0.0
-4.2147723e-05
-0.032541633
-2.4204434e-09
-0.002856384
0.0
-4.2520516e-09
-4.6368163e-09
0.00011528828
-0.008055276
-2.7220725e-05
-8.758579e-10
-0.0001547733
-0.0021207265
0.028121635
2.8846014e-06
-0.00025448328
0.0
-0.0001117846
1.30483e-09
-0.004517509
1.3451815e-09
-0.014637721
-0.010875618
0.0
-8.239862e-06
-0.0010798764
0.0
-1.5954928e-08
-0.0139413765
-6.7174156e-08
-0.0028167437
9.391428e-06
-4.425776e-05
-0.0017303863
0.0018087485
-0.007623716
-2.5298283e-07
-2.1682635e-07
1.2549125e-09
-0.01285644
-0.012005322
-0.00034681248
0.0
0.0
-7.184722e-08
-3.6016513e-06
-3.0021184e-08
0.0
-2.112541e-05
-6.510488e-05
-0.0001399697
0.0
-0.0002584491
0.0
-0.0034001798
3.0713436e-05
0.0
0.0
-0.00852802
-0.0009458512
-8.4158004e-05
-0.0073115123
-2.0135092e-06
0.0018579636
-0.012629848
-0.030202068
-0.0038442935
-1.8264751e-06
-0.00013606064
-2.3372714e-07
0.0
-4.967274e-07
0.0
-0.020848026
-0.00019078513
-8.664022e-07
-0.030770948
0.0
-4.5667788e-05
-2.963758e-06
-0.0023394732
-0.013897704
-0.00093129685
-0.004943589
9.904275e-07
2.5038935e-05
-1.3510573e-08
-0.00012959998
-5.6802757e-05
8.823942e-05
-0.007312822
-0.008345276
-9.516387e-07
-0.00014910057
-8.609544e-08
-1.1935395e-05
-0.0086635575
-1.0311933e-07
2.8046308e-11
0.0
6.908094e-08
0.0
-0.05097579
0.0
0.0
-0.00020832208
-0.00046369954
-0.023370478
-2.7464978e-06
3.531003e-08
-0.0062810737
-4.2808962e-10
0.0
-0.01007565
-0.0022818136
-0.008356051
-0.002741497
-8.764473e-10
6.2755006e-09
-0.0074640578
-0.00064306776
0.0
-1.5782678e-05
0.0
-0.00026850912
4.7278823e-07
-3.234624e-07
0.00085541897
-8.9565117e-07
-0.02745536
-5.7288293e-05
2.6559412e-05
-0.0014542486
0.00019393058
0.0
1.5439984e-08
1.2784895e-09
-4.6335735e-10
-0.011661516
-0.03448758
-5.5269385e-07
-1.8771312e-06
3.666757e-09
-0.0075001274
-0.0005239732
0.0
-0.012754244
-9.042594e-06
-4.1866282e-05
0.0
-0.023469206
1.746465e-05
0.0
0.0
0.0
0.0
-0.00045675185
-0.0002295013
-4.1866224e-07
3.378115e-09
0.0
3.0592332e-06
-0.00041744518
-0.00034082416
-4.3576594e-07
0.0
0.0
-3.450121e-05
0.0
-1.5765982e-08
-1.2914944e-09
0.0
-2.7805168e-05
-0.008779725
-5.305578e-07
-6.90416e-08
-8.472888e-05
-6.5054553e-07
-0.00012997376
-1.9851352e-09
0.0059055886
0.0014795627
8.978149e-09
-0.00021779056
-0.004059069
-5.7427904e-05
-6.5958666e-05
4.8155435e-09
-5.6782983e-07
-0.049170952
6.4161227e-09
-0.010480504
-0.007973652
-1.0406536e-06
-0.001250198
-0.0012626761
-1.484622e-05
-1.7763048e-05
-0.005351366
0.0
-0.021792907
1.6252846e-09
-0.0151136685
3.8259764e-06
-0.02171811
-0.013193705
-0.0015689819
8.318392e-05
-0.024972955
-0.0034096849
-0.00704131
0.0027150589
-0.0043861032
-0.0029260395
-0.04812929
-0.03411673
-0.02652283
-0.034054317
0.0069717434
-0.02240829
-0.009632157
-0.0037516607
9.556207e-06
7.0898075e-08
1.2336581e-08
-0.01576756
-0.005459456
-0.0064391573
-7.2327e-06
5.195409e-08
0.0018336455
-0.00038208062
0.0026287918
-0.0019451985
-0.00919563
0.0062716925
0.01381469
-0.012744872
-0.023685547
-0.006825339
0.0039956984
-0.0070121908
-1.419977e-06
3.5978256e-09
0.00036455842
-0.008540163
-0.02638305
-7.2441384e-05
-0.039021827
3.343638e-08
-0.0077151707
0.013810827
-0.007717837
2.0793184e-06
-0.0015304039
1.9950761e-05
-0.00097423303
0.0007112455
0.020627819
0.00710639
-0.010721822
0.009760064
0.024282113
0.0030065365
0.023703355
0.0053617978
7.228558e-05
0.0002684542
0.015111779
0.057912827
0.0056429137
0.01492446
-0.0050947447
-0.023145799
0.01681606
-0.039258864
-0.0058633164
0.009236414
-0.01779695
3.764653e-10
-0.007881314
-0.005723354
-0.022051223
-0.01314937
0.004640487
-0.0053507676
-0.0019811105
0.008764744
-0.02272921
-0.0010828793
-0.02985566
-0.021877205
6.7146205e-10
-6.267918e-05
9.151956e-06
-0.01736287
-0.019677043
0.0
-0.00036613247
-0.008493141
0.00641506
-0.03054794
6.905796e-08
-0.032328833
0.0025089553
-0.0026565618
-0.0014490365
0.009072227
0.038303953
0.013125903
-0.005492446
0.006176805
-0.005194447
0.013854119
0.0003008071
0.0005459989
4.926485e-06
0.0026207576
-0.009621518
-1.9223564e-06
0.00039422425
0.0016207395
-0.0035012208
-0.010179702
-0.013592735
-0.05598443
-0.0019657817
0.008428674
0.00062472565
4.4720023e-06
0.0029919199
-0.0078077954
-0.02364609
0.019657264
-0.0040713614
0.0019975337
7.9268786e-05
0.0015022137
0.0020462316
0.048383012
0.0134993
-0.004616876
0.006888237
6.479609e-08
-0.0025044426
0.0030946708
0.010399126
-0.0006323112
0.008086695
0.0035673724
-0.042459443
-0.00538053
-0.010771019
-0.038161073
0.0074566137
0.0030406092
0.010022902
0.16522683
6.41674e-05
1.1467965e-06
4.4318702e-07
0.016494475
0.0014173366
-0.0021124037
-0.034105398
-0.01632613
0.0020684225
-0.006921782
-0.0006154146
-0.021882966
