-0.19830854
-1.4081409
-0.23778977
-1.3213222
26.964104
25.55491
0.15086775
-110.682274
0.35181051
22.962605
-0.20330472
-0.6313195
-0.82387656
5.3238206
6.1695313
6.897751
1.2232281
0.72739273
3.2566657
0.0708709
-5.3404603
-0.31255877
-11.8451395
0.3465348
3.5499172
5.8512754
5.6595387
-0.2720642
-0.015084118
-0.20099038
-0.006123889
-3.929129
-0.42760533
-0.12049374
0.002175857
-0.12659131
2.2320902
2.3485706
0.79644334
0.05015886
-3.4431024
2.3835876
-0.24964298
2.7374976
-0.1949
-0.40009144
5.4391127
0.7052152
3.9654155
5.2294874
-0.11503683
-2.8767776
-0.1896124
-12.534758
-0.11102765
-6.965579
1.2211896
-0.14317282
-2.9777565
0.33958566
0.08722805
-20.834024
-0.15917191
-3.1310816
3.390872
3.3405058
5.497442
1.8305907
-0.32160076
2.93841
2.5147703
7.870579
0.6564299
-0.32027107
0.75777936
-0.36775008
-0.45312905
-0.13190965
2.650072
0.17038055
-8.391663
-0.7518879
5.3278832
-0.4513471
-0.7684917
-0.3076581
9.100145
1.834732
-0.092539154
0.10712448
0.19542779
-0.063007236
-0.65849406
4.89511
-1.6076884
0.02811924
-1.2891299
1.8914626
-0.3576832
-0.36262953
-4.067925
-0.17389295
-2.7702026
1.8816118
0.08544204
6.544516
-1.0897559
-0.059875917
0.04791553
-0.12511998
0.009822766
4.6894283
-0.05428812
4.691704
4.1313944
-1.485381
-0.3178328
-0.09709539
0.638196
0.72817373
0.21185283
-0.5692979
-0.04864662
1.3592347
12.429266
-1.4569004
-0.651412
0.044499762
-3.6572297
-0.20879307
-1.0235933
1.218023
-3.1559458
1.1737936
1.5173948
-3.2645483
-2.920104
1.6270579
0.43304983
1.1530002
4.135277
9.236806
9.075887
-1.0454404
-0.06926827
-1.2212688
0.5132118
-0.03444851
-2.0214226
0.100754134
1.4738439
-0.23001017
-0.05880615
1.3056152
-2.9153788
-1.8830851
0.003817525
-7.5092754
-0.025273236
0.81913286
1.468305
-0.09165586
-2.724268
2.8845053
3.399877
3.7592576
-2.4845493
-2.6930618
-2.1327517
-1.4709204
-0.7843504
-0.89757395
-1.2927805
4.6059875
-3.0607312
-0.14096515
0.42857772
-2.463299
-1.1901107
-2.2075844
-0.3820203
-2.609473
0.15538739
-2.954244
-2.8831537
-2.9912257
-2.6965628
1.8997711
0.26386622
-2.2396827
0.8051241
-0.028930519
-0.5190153
0.14172238
-0.14402065
0.60785544
-1.7765808
-4.811165
0.031302452
-1.7624148
0.23524384
0.01423762
-0.22366814
2.14615
-0.115243345
1.1154008
1.517027
0.14262997
1.6520864
-0.8864072
-0.10198912
-0.0009902512
-0.0062404103
-3.5902598
1.5593424
0.9341408
-2.2550364
0.7283717
-0.36211613
-1.3094251
3.3482316
1.3634503
0.79861754
-0.019462094
-0.6064782
0.5619173
0.1913414
0.05823634
1.734767
-0.170117
1.1071496
0.15059401
-0.5263329
0.24763936
-0.5789601
-0.18243939
-1.5193595
0.08415155
-1.9762846
1.7669996
0.14926782
0.74358225
0.35383424
0.4478787
0.8919895
0.049090534
-0.39479083
0.15830281
0.03886011
-0.272742
-8.86583
-0.3951771
-0.8267575
0.646729
-0.38822916
0.11890653
0.14724728
0.0066282847
-0.45043352
1.0039499
-0.6077614
0.033334013
-0.35605183
0.55689186
0.121103615
-0.30444676
-0.75599754
0.31552982
1.967049
0.9851293
2.8744519
0.4888208
0.483158
0.1606656
-0.9110255
1.505164
-0.2014529
0.25001213
0.05808285
-0.9981482
2.596487
-0.10385128
1.2448902
0.013401143
0.9746763
0.19752096
-0.89260525
0.08160408
1.144987
0.9992541
2.3350768
-0.08077397
1.5930521
0.7191924
0.95176345
1.9539266
0.107498966
-0.0065840767
1.5706505
0.070544064
1.2692964
-0.20605391
-0.11082036
0.07842722
-0.09350794
0.98628056
-0.31991068
0.60097206
0.19968693
-0.5473155
-0.14085765
-4.662072
-0.24857593
0.29422125
-0.3389095
1.7866433
2.7187471
1.4088812
0.3439242
0.2944827
-0.10769627
0.036616497
0.106385946
-1.6212997
0.44583213
0.85836416
0.42387894
-0.026682088
-0.6965985
0.5901153
1.5780174
-0.19296922
1.4561927
0.16636856
-0.013801316
-2.259173
0.09369065
0.5229541
0.35587046
0.36111134
-0.18034771
0.30114502
0.6867452
0.29632738
0.106675975
-0.16892189
0.78943133
0.56956404
0.23695308
2.4283702
1.079255
0.043862067
0.0051688002
-1.8666102
-0.012050335
0.6167766
1.8796322
-0.074786
-0.0643537
-0.03921158
2.09555
2.183611
3.632712
2.8114865
1.0480055
0.25084665
-0.5277553
0.1337444
-0.14920814
0.1669194
0.5981335
0.0072073885
0.14189188
0.35310686
-0.74643624
0.2031451
-2.7148056
0.083180614
-0.4386477
0.086339906
0.22965506
0.11923889
0.0008776183
0.15826629
0.5544576
0.24416701
-0.06732447
-0.19681063
0.11714587
0.44329184
0.20005402
0.07120684
4.1094055
0.8168329
0.22989373
-0.21874693
0.19524059
0.5414424
0.1865544
-0.116825625
0.26288018
0.25871578
0.49889177
0.18304797
0.19003148
-0.74210817
0.6615262
0.19075336
0.07887353
-0.25705743
0.31082237
-0.7427062
0.18046577
0.014445491
0.06992562
-0.010132292
0.15900785
0.06692454
-0.0018573396
0.37327686
-0.5881261
0.008017776
0.20793824
0.09207963
-4.390502e-05
3.1894262e-05
-0.00109629
0.24582848
-0.027313331
-0.015089878
0.0036562874
0.0007323173
-4.7135774e-05
0.07445353
-0.07091042
0.026853675
0.4114175
0.032545123
0.058209743
0.012757892
-0.31927457
0.14040114
0.07473267
-0.267252
0.0016015085
0.09172781
-0.040001612
-0.29336017
-0.3169835
0.08111223
0.00012622346
0.335616
0.0033043819
-0.001531115
0.05668487
0.04170612
8.573382e-06
-0.00049160933
0.07215885
0.19497043
0.015524567
-0.37504143
0.10056486
-0.48792005
0.003714365
1.9220803e-05
0.00015171163
0.0013765945
0.0013782713
0.097761065
-0.1734643
0.10805127
0.046977986
0.062982604
-0.030567635
0.0005440212
0.00031681242
-2.5961438e-06
0.0849502
-1.2246532
0.07444978
0.7231451
0.33117563
-0.047502987
0.1585371
0.083449945
-0.48639226
0.18672772
-1.8871074
0.0003307018
-0.00024332425
0.0022466986
0.45747337
0.058833566
0.011993736
0.0006598094
0.07047623
0.4264088
0.0094271805
0.005957954
0.22642744
0.002058619
-0.10222986
0.039134383
0.04366387
0.15186597
-0.005202225
0.011498293
0.018701492
0.007873667
0.20691411
-1.512934
0.23951113
-0.48585036
0.17729676
0.041727908
0.009171693
0.0054409825
9.05779e-05
0.04875742
0.46080342
0.038741905
-0.03119806
0.00017561935
0.0005500141
0.004169551
3.577267e-05
-0.00016211632
1.3197505
0.09117757
-0.11715961
1.2100035
0.06430757
0.031514134
0.00010015168
1.3643236
0.4994812
2.76681
8.4520994e-05
0.1295523
-0.0048519094
-0.011868907
0.3060394
-0.034086086
0.29623112
-0.00037081333
0.22846317
-1.1130366
0.058922697
-0.022497678
1.3316492
0.0016445227
0.0015017693
-0.017961938
-0.042794306
0.121381365
0.5367695
0.29135805
-0.738089
0.22470511
0.112675555
-0.29615408
0.015265555
-0.03703895
0.23994258
-0.24648108
0.9121149
0.44468522
-0.022034356
0.08010183
0.09917935
0.0044272435
0.40457445
0.5675956
0.22032318
-0.8936664
0.00068543403
0.41496465
-0.030441845
2.2887263
0.00030051405
0.49427924
0.022157343
0.043528844
0.285705
0.27072552
0.032644324
-0.0027397883
-0.0017895985
-0.028736718
0.057129964
0.00024145754
1.512654
0.0009435269
0.22498344
1.0020885
0.0003093283
-0.017291788
0.0011762036
0.00047696655
5.7361045e-05
-7.510966e-05
-0.025075017
0.012596771
0.0016186576
-0.00014077347
0.616208
0.00022890755
-0.0011042339
0.22383519
0.022686992
0.012580301
0.009302353
0.17535138
-0.0072901193
-0.00047733402
0.21996589
0.18389918
-0.010932143
0.03292755
0.06465232
0.53702736
0.45473516
0.38587174
0.0085409405
0.00046200436
-0.00036065123
0.00016314391
-0.00055117364
1.1175166
0.022500448
-0.03244153
6.506812e-05
4.559432e-05
0.000321615
0.024745874
0.0032673099
-0.10818691
0.54782534
0.25834477
1.3181442
0.00015978976
0.3534539
0.28891546
0.023733808
-0.00032600836
-8.674055e-05
-0.041644517
0.19613035
0.24784677
0.5234623
0.18437663
-0.14028025
0.28752246
0.12509802
0.00020647765
0.24969903
0.00025545162
0.47116205
0.00287359
-0.004402904
0.0028016893
0.027648618
0.27576926
0.11875855
-0.30294678
0.323898
-0.061210793
-2.1978126
0.24290256
-0.9259729
0.40628582
0.04844789
0.008905038
-0.09462895
-3.673112e-05
0.186401
0.00024066957
0.038439702
0.006491378
-0.00014492217
0.31206077
0.0060195765
0.00017747475
0.084402375
0.6581749
-0.003770436
-0.21948117
0.00028339462
-8.014224e-05
0.24134524
-0.03700288
6.721033e-05
-0.0008141469
0.20077379
0.04112871
-0.26263976
0.24363442
0.93417704
-6.0879283e-05
0.37523466
-0.59380114
0.00041141492
6.248621e-05
0.6617778
0.000502653
-0.0046307435
0.051579647
0.018140653
0.034008343
0.006859478
0.070042476
0.021661496
0.20144276
0.11975105
0.08779398
0.00547479
-0.04270597
0.04978011
0.43219617
0.3654135
0.00077248097
-0.00075794646
0.04475094
-0.00550696
0.009002366
0.16215944
0.57755756
-0.005770766
-0.03867989
0.026752258
0.9820127
0.146617
0.13933395
-0.006042452
0.010758748
-0.0007814004
0.36885497
-1.1706444
0.3123845
0.2380699
0.42231783
0.34525108
1.377393
0.25000787
0.83440703
0.103867106
0.010707453
-0.00939927
0.029414099
-0.017331302
0.024238382
0.007108834
-0.06542554
0.008196171
-0.16538541
0.3304491
0.0448358
2.159303
0.014333689
0.021963848
0.024816668
0.0034683426
0.34612048
0.35786426
0.008469057
0.0061227423
0.005532472
0.005147609
0.011326819
-0.12469593
0.23694609
0.04370212
0.12025094
0.14738654
0.0024738738
0.0015907831
0.00015932001
-0.010287434
0.1070698
0.08558936
0.01118384
0.49181005
0.013495761
0.009923747
0.045829363
-0.013244986
0.31153017
-1.227986
0.28360736
-0.32908016
0.09295711
0.002644093
-0.091476254
0.9671615
0.0002594312
0.11084082
-1.1870165
0.0060516866
0.0095823435
0.12900496
-0.074122205
0.2860538
0.0003425232
-0.025184328
0.48004064
0.56250924
0.29771084
0.87252283
0.1090931
0.0012155459
0.066919304
0.00023004647
-0.04916651
0.015046234
0.34782547
-0.012940067
0.19208676
0.15613723
0.020135617
0.03172611
0.02984455
0.6395243
0.10142119
-0.033086117
-0.5735768
0.0175052
-0.02334621
-0.18010278
0.012351828
-0.1248661
-0.35379496
1.4757148
0.20028956
-0.023294535
0.060288012
-0.009646348
1.0273582
1.6375614
0.067908816
0.3329785
-0.005795695
0.006259946
0.0561779
-0.71705717
0.025812443
-0.026366841
0.2596805
0.044056144
-0.0085243555
-0.477806
0.054967374
1.7863584
0.7235363
0.15380363
0.2580066
-0.02610283
-0.8356648
0.33768106
-0.9419118
0.016704855
0.013359772
1.5764794
0.21664153
-0.6690429
0.028929492
0.26277408
0.0013854139
0.03925064
-0.002587565
0.008327293
-1.1691693
0.050905094
0.004941729
0.17589897
-0.06901372
-2.1154459
1.0680381
-0.04324228
-0.061622422
-0.015835999
0.5714481
0.01452685
0.0023320073
0.054900773
0.519644
1.8571571
0.52349883
0.36253992
0.07108856
0.111639604
0.044429537
-0.04032259
-0.6727528
0.12236107
0.08793725
0.6072553
0.9700879
0.2022529
0.112074904
0.0010986904
0.59019554
0.7540342
2.0637867
0.09596315
0.15798745
0.05852269
0.07588629
0.3207279
0.8178363
0.4958377
-0.10451745
0.4208205
-0.0025657562
0.06392361
0.19993818
-1.8641665
0.08264401
0.19884002
0.0007222844
-0.5213325
0.25404
0.3377851
0.11731427
0.08248117
0.5690839
0.047928885
0.24490957
0.14485809
0.0009173656
1.6522261
0.060991947
0.90143937
0.06220958
0.14684999
-0.008150877
0.4350512
0.0005615568
-0.15136865
0.6675767
0.019177608
1.3589807
0.16835988
0.09528148
-0.5558322
0.046288166
0.10385718
-1.1607256
0.022004489
0.05256139
-0.108325854
0.014687261
0.046882253
0.13389656
-0.00041672788
0.23419979
0.30047795
3.4217148
0.9764185
0.0013897279
0.1819824
0.21502906
1.6075535
0.90861
0.9137977
0.10102432
0.6827599
0.2792895
0.18802719
-0.003115506
-0.20376809
0.8659517
0.11887739
0.0029004843
0.10710221
-0.14488913
1.0632465
0.016220326
0.05559506
-0.8357668
0.00052752084
0.0018783637
0.005849717
0.24541725
0.76428396
0.18576328
0.007959651
-0.42246786
2.8409052
2.3921878
0.085047334
0.24867462
0.9461713
0.029506212
0.001912865
0.38327393
0.040843587
0.0055590128
0.00039010064
-0.14585987
0.003076366
0.40197867
-0.13266502
0.18166855
0.000115818046
0.00015590302
0.000110803696
0.0017287964
0.00030941475
0.0071813813
0.0018263595
0.01658328
6.226272e-06
0.00013950853
2.385099e-05
0.0012842568
3.7081456e-05
3.018386e-07
0.00034542673
8.3158075e-06
1.0185944e-06
3.9488154e-05
0.00017271357
0.000202982
0.00011557676
0.032694034
0.019695537
2.8515078e-06
8.7835e-05
3.9837787e-06
2.3001687e-05
0.10311107
1.1404279e-06
0.0406749
8.612331e-05
0.00037047328
6.702948e-06
0.0496922
-0.0008418214
0.042806752
1.9346968e-05
0.00010717741
0.00015728972
0.109690875
-0.0002449703
2.0988266e-06
2.2892764e-05
1.2029113e-07
0.005052365
0.004441959
9.148183e-07
8.230149e-06
0.0008079013
0.0067042373
1.0577864e-05
0.011326406
0.009207205
9.784771e-05
1.7635956e-06
7.118761e-05
0.011663821
0.000100089084
0.013526009
0.018609548
1.8425554e-06
8.5004206e-07
2.5050562e-05
5.6130293e-06
0.03210572
0.06986802
2.5765274e-05
4.5417887e-06
0.012002215
5.8703654e-07
0.00028584947
3.3930646e-06
0.0025022018
0.0022604573
0.05927326
-1.1235921e-06
4.6829224e-05
0.0008801244
8.4699255e-05
3.8294085e-05
1.4508061e-05
0.0001760989
9.540253e-05
1.7981688e-07
2.212875e-07
2.185054e-07
3.8061921e-06
1.055529e-07
2.4291625e-05
7.008882e-06
6.8126164e-06
3.0423655e-06
0.00035057444
2.5353393e-06
0.016306939
6.729446e-07
3.7120305e-06
5.8112604e-05
0.00077607186
6.845562e-05
0.015264664
3.3568844e-07
0.011046785
1.1339588e-06
5.137967e-06
8.5873955e-07
0.07403879
0.00010843671
0.00435596
1.2644633e-05
4.2636316e-06
0.017071914
0.0062132953
0.00015007379
0.00049553
3.104237e-05
0.005218206
0.00069383165
-4.7150395e-05
3.961946e-05
0.03624055
-1.2242674e-05
0.04860481
0.02291881
0.001661256
0.00014445894
0.07909742
0.00014765054
0.0043256413
0.001771949
7.609794e-05
0.00035127733
1.9031297e-06
9.1791235e-06
4.1243646e-05
0.0005957837
4.1540836e-05
5.975573e-06
0.010818239
0.0011109533
2.2522447e-05
8.500435e-05
2.1600235e-06
1.1953197e-06
0.00945329
5.476597e-07
1.0917143e-05
0.00016656851
9.636109e-06
9.116327e-06
9.494309e-05
0.01678057
0.0018661652
0.0005935914
0.12821625
0.0001536395
0.23183934
2.8661893e-06
5.9781854e-07
7.568672e-06
8.027902e-06
3.9995204e-05
0.0056481953
7.4568316e-06
3.5475505e-06
3.6822423e-06
8.5791095e-07
1.2366206e-05
0.00077459076
1.666736e-05
2.4097028e-05
2.6141054e-06
0.00028611984
0.016808562
0.020330679
6.010589e-05
0.0017452217
8.849977e-06
8.6992594e-07
4.5079387e-06
0.00027408454
0.011202162
1.7830687e-05
0.009437675
1.2086967e-06
0.022223312
0.0016519733
0.16747603
0.08699236
7.246978e-05
5.5425855e-05
0.35858884
0.0007550227
4.0992322e-06
3.835034e-05
0.09707214
2.0216747e-05
1.5637099e-05
1.8155142e-05
0.000115599876
3.8825627e-05
1.2878791e-06
0.019573728
0.007691994
0.029068794
7.469156e-07
1.4190593e-07
2.2220352e-07
1.3623889e-05
2.5011695e-05
2.4696987e-05
2.4822937e-05
1.0285936e-06
3.9271886e-06
0.12476321
-0.046887007
4.6217447e-06
0.0074875834
7.0150253e-07
0.017023688
0.000121497564
8.519047e-05
0.0058649345
0.019354919
1.08627255e-05
1.3554236e-05
1.8425084e-05
1.8344494e-05
0.00015392374
2.2314598e-06
0.017371403
6.61423e-07
3.3522127e-05
0.00059040653
3.3968594e-05
2.1992806e-05
0.00082846725
7.7656805e-06
0.00047209943
0.000100611236
1.8179784e-05
0.036648046
3.7891523e-06
0.00056908565
0.018672006
5.4618875e-05
1.9335175e-06
1.5870675e-07
0.000280387
0.00036932254
0.052599635
0.00053638784
0.0003619184
8.531134e-06
5.62091e-06
2.301909e-06
1.7311417e-05
2.01279e-07
0.04548763
0.003066695
0.0008123739
1.4926461e-06
5.50244e-07
5.520897e-07
0.00019161872
0.0010047848
0.003485129
1.1157174e-05
0.10539143
0.16296965
0.002550469
6.2005725e-05
0.00023550705
1.125975e-07
0.18705015
0.0005139373
4.994262e-07
0.00021193748
8.860964e-07
3.8774232e-07
1.996488e-05
2.905985e-05
6.777463e-05
0.03181613
0.005333927
0.0016078756
0.00047072888
0.00012357239
3.2565757e-05
0.0005347935
0.5875818
0.0097057875
0.021738885
0.006030987
0.00013271882
0.11662245
2.673081e-05
6.778314e-05
0.009753025
1.9123047e-05
2.9981843e-06
1.3238516e-06
0.020736657
7.647968e-06
0.0010688236
8.221871e-05
0.00012354535
4.7323445e-07
8.095127e-06
7.1885293e-06
2.928559e-07
4.8098457e-07
4.670195e-07
4.8213116e-07
1.926313e-05
0.020958453
7.482807e-06
0.07719645
-2.6855552e-05
0.0031538394
0.02593301
0.00023334137
0.00013763878
0.030552145
3.7595455e-05
9.150537e-06
0.00034254952
7.4884515e-06
4.4626344e-05
3.5335945e-06
4.299611e-06
4.2882652e-06
0.0006393353
4.51909e-07
2.1223079e-05
0.15769717
-0.14688133
0.0005447819
-0.0034711608
3.2968605e-05
0.013282868
0.21509404
2.82758e-05
0.009654683
0.60067976
7.0242655e-05
0.0023834088
1.9493477e-06
2.7691895e-06
0.006031765
5.037925e-05
0.13271974
0.0005923107
0.00058296014
0.0004810265
0.011304764
0.00017117852
1.6821169e-06
9.1736115e-07
3.4535602e-05
0.050798565
0.03177472
0.00013834207
7.242836e-05
0.00018395796
7.612986e-06
0.0011465615
0.0037459524
1.5287372e-06
8.7189355e-06
6.2217077e-06
0.00017490868
0.0010596465
1.6756343e-07
4.381473e-06
2.4539208e-05
0.00032530958
0.0005315282
0.008702965
5.464093e-05
8.5914384e-05
-0.103176765
0.00018073332
0.00067487365
2.882684e-05
3.2543605e-05
0.413218
0.0003824587
0.5472149
0.06369981
-0.6020298
0.00022561933
2.3650946e-05
0.00025582788
3.763173e-06
0.024355916
2.292486e-05
-2.8409784
-0.19692233
-0.006637761
0.0001454803
3.6917787e-05
1.0494407e-05
0.035253964
0.00042067465
0.0006915691
4.0550323e-05
-0.03531324
5.271888e-06
3.9869175e-07
4.5108405e-05
2.456901e-05
1.2440117e-05
4.964937e-06
3.9880626e-05
5.4981443e-05
-0.110108286
6.398716e-06
5.914874e-05
0.00013295007
0.040999357
-5.0081875e-05
0.1558951
8.917666e-05
2.3767045e-05
0.0012258341
4.057023e-05
9.112964e-05
9.798133e-05
1.3619549e-06
0.00022115905
-0.012803291
3.1782893e-06
0.19802174
0.017045338
0.00064719014
2.6654737e-07
0.00047057023
0.00014933792
1.5788449e-07
0.00045023017
1.0560478e-06
0.028767267
-0.07138036
0.0012452576
0.00012468352
0.00012630183
0.22378352
-0.03909831
0.000103302234
2.6932636e-05
0.23921162
-0.05018776
0.00056310865
0.0017459327
1.5837202e-06
1.5368266e-06
0.1826999
4.8730735e-06
2.0821687e-06
0.020226458
4.0507453e-07
0.24849424
0.0005496614
8.873308e-06
0.00042183616
-0.29831132
-0.0028598283
-0.0007777138
-0.22039898
-0.11826347
4.418238e-05
0.18266062
0.0019161165
0.00051440153
-1.3382559
2.9693868e-07
0.00013220694
0.0012679975
5.6664106e-07
0.00034342275
0.059148617
-1.4513334e-05
0.00032504927
1.26680525e-05
0.00014752656
5.880228e-06
0.00013619565
0.012843924
0.013168692
-0.1412253
0.013769936
9.992544e-06
2.967618e-06
1.2461867e-05
0.00014374788
0.15698984
0.011742987
-1.7719674e-06
1.6950848e-05
0.01392257
1.1935388e-05
8.919431e-05
0.009681064
0.00021588373
1.2203254e-06
0.00011415197
6.5345565e-05
0.37907797
-0.108491756
0.0014990472
0.30440897
-0.2422487
8.736065e-06
1.527484e-05
-0.00027663156
8.771571e-06
0.34541345
0.02908049
0.0034324836
6.919406e-05
0.013879713
-0.0002268198
0.021667467
2.1575436e-06
0.00013898825
0.059598483
3.7529193e-05
0.021536794
0.04404213
2.5748138e-06
0.00017092536
2.0491232e-06
0.00032312793
1.1447337e-07
2.5187792e-05
0.0003560697
0.00010811722
7.1783856e-05
0.036203075
0.007826191
1.7206834e-05
0.019849513
0.02826182
2.6074981e-06
1.8811725e-06
1.7770892e-06
0.6172098
2.2646462e-07
-0.003650575
0.049776204
-7.404104e-06
0.04264311
4.466119e-06
0.11058785
-4.960588e-06
0.0017250852
0.06863159
0.05720697
5.498969e-06
0.0013800706
0.0020490855
0.004199462
5.903407e-06
0.00093435455
0.00014663402
0.028853208
0.004915337
0.015960157
3.551976e-07
1.0170664e-05
0.009371431
3.086149e-05
5.2134208e-05
0.0005432399
0.10330268
5.400451e-05
0.050950497
0.3106191
7.0489725e-05
0.0005105289
0.00029469564
0.02118421
0.0126092825
0.0008272245
0.00075786264
3.9632425e-05
0.57947576
0.015198341
0.14732318
1.3746967e-05
8.698956e-05
0.07912752
1.7428947e-05
0.0014721769
-0.008378763
2.1006686e-05
0.0001018717
6.341423e-05
1.2038468e-05
1.7894168e-05
0.093687154
0.034299023
7.921253e-06
0.00024679897
3.8328653e-05
0.000105353065
0.00014494132
0.0013238312
2.0199179e-05
0.15798979
0.00016932253
0.66074437
0.00013059763
0.44575173
4.348211e-05
0.0004029075
0.2158186
2.749813e-06
1.1745624e-06
0.00037416568
4.811453e-06
0.00019553756
3.812495e-05
4.3890074e-07
0.07500693
1.8471226e-06
0.023605872
0.020299207
0.0005404304
6.605292e-06
0.041114867
5.950064e-06
0.0020416377
0.008718016
7.2188786e-06
0.0023095594
4.492129e-06
7.5786977e-07
1.771085e-05
0.00046487644
9.9689074e-05
2.1237706e-07
0.020416599
0.002848559
4.4360254e-07
3.239452e-05
0.06168978
0.2567461
-5.303084e-05
0.08926316
3.4218482e-07
3.8269008e-07
0.052787907
7.678782e-07
0.008836808
1.0468074e-05
1.190548e-06
1.3010571e-06
0.024858052
8.4612775e-06
4.4074977e-06
4.136382e-05
0.17530641
7.361793e-06
1.1023212e-05
9.374857e-06
1.8224417e-06
0.025440823
1.4663579e-05
0.0037414385
3.7982547e-05
8.7694684e-07
7.9885467e-07
7.973313e-06
0.1339123
5.2363106e-07
0.0003151728
0.00025604953
1.4084673e-05
9.284459e-05
6.087086e-07
7.206562e-05
1.7133185e-07
1.420028e-07
1.4221948e-07
5.864521e-06
7.046811e-06
1.1009714e-05
3.1461445e-07
0.00013261677
-0.20775416
0.000120914396
1.9840304e-06
7.577545e-05
1.0808241e-05
0.0012745479
2.5711444e-05
0.012231501
0.01583138
0.0058796126
0.030715946
7.4978e-07
7.410148e-07
9.709452e-05
0.024033124
0.011389761
0.00012285999
0.0707556
-1.3654288e-05
0.00049435993
-0.011264535
1.4498418e-05
0.00036393813
5.848018e-07
1.1070332e-07
2.5155776e-07
3.3542204e-07
3.3596413e-07
7.806701e-05
0.0012132425
4.944933e-06
0.0010245227
0.014217363
6.4529436e-06
1.2864669e-07
9.169115e-06
-0.074626364
0.014081374
0.004255161
1.8198623e-06
1.2825974e-07
0.015184322
1.814678e-06
5.7106445e-06
0.011372904
1.0949452e-06
1.5484913e-05
0.58929265
0.11596697
8.971149e-06
0.00034937475
1.4368281e-05
6.5730533e-06
0.0003605291
1.7858462e-06
8.590221e-06
0.0145840775
-7.484457e-06
0.000438952
1.0362905e-07
1.0233483e-07
0.022784963
0.016264994
0.042067725
-0.044542905
7.227785e-05
6.7669697e-07
0.008846316
2.464074e-05
4.591728e-05
0.00023221166
3.933994e-06
0.00014164727
0.119036615
0.021666601
0.016588623
0.026092183
0.028242707
7.280912e-05
0.00011154871
0.009336647
0.013868259
3.2508884e-05
7.163009e-05
0.06382269
-9.044841e-05
1.2808963e-06
1.3336362e-06
1.4275282e-06
1.4274029e-06
6.3180653e-07
0.39993423
5.568058e-05
7.309466e-07
6.133707e-07
0.00034474762
7.39485e-05
0.00067995203
4.445213e-05
0.0010764418
0.00014280948
0.001247324
1.0802141e-05
3.4843438e-07
4.789466e-07
-0.09160714
5.235742e-05
0.001684187
0.32265374
0.42428863
0.009696812
0.00010907843
5.670593e-07
5.531795e-06
0.018240321
0.0008885449
3.808811e-07
3.918832e-06
0.39543363
6.4923206e-06
0.009977923
2.1837883e-05
0.7490822
1.1377094e-06
3.1525238e-07
3.4103134e-05
3.8021249e-06
0.0069761532
0.020768287
0.0012262423
2.3594152e-05
0.0047463845
4.8057395e-06
0.534552
2.2495222e-05
1.8262457e-05
0.0066665206
-0.0013969913
3.1073128e-06
-0.014774074
2.1219586e-05
1.0404725e-06
2.0038979e-06
0.007895586
0.00015732784
1.218738e-06
3.07502e-07
0.00018007917
0.0002178228
0.0162047
7.7631215e-05
0.00050902873
1.0255904e-05
1.020785e-05
1.7757644e-05
3.3633448e-06
0.0004756341
0.018367508
9.868451e-05
2.6038091e-05
0.033816572
4.4819586e-05
2.058823e-06
6.721796e-05
1.6710569e-06
2.5845087e-05
2.7505093e-05
1.3962116e-05
1.0972453e-05
1.7287135e-05
0.0055982596
-5.1937072e-06
2.4808612e-06
0.000105708416
2.6650298e-06
1.7151732e-06
0.06814888
3.8209706e-07
4.4848463e-08
5.270498e-05
1.6312162e-06
4.984564e-06
0.0073634093
1.8072598e-06
3.81558e-05
0.012164499
-1.0367456e-05
0.029652243
0.07664088
2.0815636e-05
1.6362068e-05
0.07329814
0.0007564534
0.22707619
6.8802537e-06
5.353214e-05
1.00208375e-07
9.923399e-08
9.8603046e-08
1.5978458e-05
3.0288888e-05
1.9675772e-06
0.0010598892
0.016178137
0.019794043
7.629257e-08
0.00048119898
0.00013754358
0.012054107
0.060422022
0.02833168
5.4335817e-07
0.031130021
9.236436e-07
3.5294283e-06
8.6289474e-05
9.248269e-07
0.011946623
9.934278e-06
8.090756e-05
4.60137e-06
2.9964509e-05
3.9869246e-06
5.978143e-05
1.1495006e-05
0.0052807196
0.018682877
0.0011380977
0.0014487291
5.8281174e-05
0.0005420517
3.6304464e-05
0.030674787
0.0026597476
0.0004769407
4.3717418e-07
0.0021317333
1.03617e-07
0.010049296
1.7984752e-06
5.511413e-06
0.0035542436
0.022501567
2.5140373e-05
0.11812236
2.4060922e-05
1.139722e-05
3.132044e-06
4.4751894e-07
7.2408898e-06
5.6337564e-07
4.8148655e-07
0.000119201264
0.00011935749
9.692867e-05
0.0116279535
0.005752879
6.911926e-05
3.5709068e-08
1.0568412e-05
3.198389e-05
0.005797358
1.9155158e-07
7.89257e-08
0.00018847937
2.0758332e-06
3.05872e-06
0.01976107
2.7687554e-07
4.1770977e-06
0.06561987
5.702849e-07
9.191799e-06
0.00012156818
0.025127623
3.4569197e-07
8.615226e-06
0.00028832388
0.015172135
1.3490286e-05
0.00031745812
2.0744183e-05
1.3270765e-06
9.956984e-07
0.0009864655
6.651067e-06
1.6169322e-06
0.0687162
-1.7509128e-06
3.9372294e-06
6.4444416e-06
6.9540336e-05
0.021423241
5.3862555e-06
1.5070928e-05
1.0163306e-05
4.06555e-06
0.000813645
3.359112e-06
0.000119505465
5.224287e-05
5.5677597e-06
0.00042064118
0.070242874
2.3311192e-07
0.0006225311
0.12042699
-2.7150866e-06
0.023567948
1.14474176e-07
2.3607659e-07
2.31425e-06
6.95543e-06
7.2832313e-07
2.6644565e-07
2.5866175e-06
3.180944e-05
0.00035680583
0.0034014278
0.00012539046
0.0003022992
4.517764e-05
3.249815e-05
2.5405448e-05
0.009733629
1.5034427e-06
0.005218963
-2.8883876e-05
4.513482e-05
3.0076285e-06
0.019377558
8.8457256e-07
8.772389e-07
7.9640773e-07
0.00021916644
0.0195094
2.4091574e-07
5.7885272e-06
0.0049951677
1.4638279e-05
0.0013386171
1.0569767e-05
1.5108873e-07
1.923946e-06
2.07736e-06
9.425446e-06
1.7857466e-05
0.018460423
5.8189387e-05
9.192308e-06
0.022212083
9.655728e-07
1.6520633e-05
0.17412664
2.8847663e-07
0.009870561
2.4589075e-05
6.1541876e-05
1.02784925e-05
4.5239027e-05
0.00014256008
0.1320918
-0.016361468
0.0005870547
1.7057239e-07
9.691478e-05
7.800504e-05
0.0060174186
1.8407742e-06
3.476321e-08
9.245982e-07
9.0085973e-07
4.9679547e-05
2.0937861e-05
1.425709e-07
0.009704756
-8.2506995e-06
1.10449655e-05
3.853206e-06
3.880652e-06
0.0068019545
0.008805657
0.00017264765
4.0964277e-08
0.00873018
0.00020123633
2.0191114e-06
0.00010141287
2.3299583e-06
4.7103567e-06
5.306935e-06
1.4830549e-06
0.025193486
5.9342888e-06
9.9224526e-05
0.00013240705
0.013620319
-4.400671e-06
0.0009110569
2.8848035e-05
0.18358344
-0.00055675785
0.032673284
1.5891066e-05
6.283887e-07
1.6280917e-05
0.000421836
0.0006518116
1.0710907e-07
5.4335937e-06
6.17933e-08
5.4466618e-05
0.009551209
3.8465623e-06
3.331206e-06
0.00262091
1.04936056e-07
1.0470328e-07
1.09718285e-05
0.18260404
0.00035641002
0.031235946
5.9491937e-05
0.11859566
3.4806303e-06
0.013283609
5.288345e-05
6.315103e-07
4.1636258e-07
1.4224106e-07
0.00014019429
0.0023264072
2.571674e-06
7.6463806e-07
7.5885714e-07
8.8483885e-06
3.6062079e-06
1.0269822e-06
0.14972878
-4.8557493e-05
0.025107276
7.0271653e-06
0.19312547
-2.7528755e-05
0.79675984
0.01165401
0.0028421949
3.0429037e-06
1.4821333e-06
0.00034235485
0.081826605
-1.1635058e-05
1.8407914e-05
-0.009643043
0.00023896688
0.22795261
0.0005108909
1.3072695e-05
4.2734307e-08
0.00020037637
5.42979e-06
0.13100347
0.0011196781
0.026034225
0.046745896
0.00016554333
0.00016340542
-0.0025221463
6.048838e-05
0.002662441
7.068222e-06
5.535485e-07
1.0504292e-05
5.8727455e-05
0.026503379
0.012171593
2.3127292e-07
0.009379838
0.006050872
8.6669956e-05
0.0009500674
1.1133322e-05
4.9961773e-06
5.6579734e-06
0.0055131097
0.090378396
1.8591965e-06
0.023900107
1.0330463e-07
1.686705e-05
8.25274e-06
4.5330282e-05
0.0028466552
0.0005963538
6.282809e-06
0.026750738
-0.010806318
2.7656919e-05
4.7513643e-07
0.0080114
0.003326836
2.900167e-07
0.0077248365
3.1225306e-06
0.00013526331
2.1024116e-05
0.021257896
0.22046532
7.6643533e-07
6.0914033e-07
5.875368e-05
3.5465353
0.38861924
1.0234953e-05
0.0248587
0.00044681827
2.5334217e-05
1.2558111e-07
2.0590335e-07
0.00014160016
1.6901313e-05
5.0273286e-07
3.2242426e-06
1.5632488e-05
0.022634007
7.3714655e-05
4.1174217e-06
0.15120968
-1.5757748e-06
4.4332655e-06
0.011651339
0.01595862
0.0037204057
3.5485875e-05
0.08054357
0.00037711707
0.01955201
3.532688e-05
3.969493e-05
0.30638072
-8.6103355e-06
9.3397574e-07
5.770388e-07
0.016702319
4.566881e-05
0.000525914
1.4671541e-05
0.1853356
2.7982853e-05
0.03504563
0.022728978
1.8571416e-05
0.12787615
2.9938485e-05
7.933302e-06
3.2666823e-05
-0.09469658
8.6590124e-05
3.9441657e-06
1.84116e-05
0.025903061
7.1843344e-05
0.013527559
6.0173926e-07
4.1088515e-06
3.3591457e-06
0.023380414
0.00015566453
1.719678e-06
0.38525978
0.05516152
-4.625674e-05
-0.17326616
8.3874445e-05
4.0754285e-06
1.6214717e-05
9.057849e-07
0.09303914
-0.04991869
0.000326391
1.8058147e-07
9.596101e-08
9.1811256e-07
4.1297135e-06
1.1005688e-05
0.043323003
5.6286094e-06
6.6844524e-07
7.7603727e-07
1.9829841e-07
2.0039272e-07
1.9037893e-07
1.9536472e-05
0.020741247
0.0014579259
7.188316e-06
0.19350183
0.0085101
1.3964686e-05
0.30494294
0.0003095392
2.533914e-05
5.530521e-07
0.076717846
1.5666481e-05
0.33138934
-9.058957e-05
9.463105e-05
0.2107302
0.015516563
2.3012262e-05
3.7382077e-05
0.025770329
0.019450061
0.014525608
0.00017412075
1.795506e-06
0.124530554
-0.0010872192
1.146937e-06
2.4426615e-07
5.711453e-07
0.00012292736
0.23188406
0.0003143761
0.0013713064
3.2510965e-08
0.011399617
-0.00043521202
0.03987366
4.527482e-06
0.00072368
5.6400776e-08
5.825096e-08
5.8270885e-08
5.8264394e-08
2.971203e-07
0.01445565
1.2308413e-05
4.9010585e-05
-0.005379015
1.0018621e-05
1.2833771e-05
6.8695244e-06
6.4468013e-06
5.443035e-07
1.0474774e-06
1.0483931e-06
9.95735e-07
0.0015027116
0.00012864992
1.1278664e-06
3.8058604e-06
5.683277e-07
1.8087873e-08
3.2543973e-08
0.02821499
3.4754925e-05
5.4822696e-05
1.0391954e-05
8.271937e-08
0.26944575
2.0257003e-06
5.5624925e-05
0.001219435
8.7644694e-05
0.00082039495
0.056921814
2.936352e-05
0.0018562728
0.005744505
-0.00040857738
0.000731753
3.5822883e-05
2.7604388e-05
4.897102e-07
0.0025112056
0.0010081002
2.3281755e-06
5.4797958e-08
0.24119179
3.5082765e-05
7.274972e-06
0.00027751463
1.6751728e-06
0.0038572233
1.4396366e-05
2.7214197e-05
0.00043287565
5.727099e-05
5.9719205e-05
0.00029989792
-0.009701455
0.00076649163
6.3276e-05
1.7280521e-05
1.556932e-05
0.013292187
4.1862146e-05
2.2091452e-07
0.047674026
0.0044782413
1.4833498e-07
0.00044828313
0.014089854
3.2392213e-06
1.5781364e-06
2.180586e-08
4.480997e-08
4.480924e-08
0.0015926783
0.031908058
2.1762364e-08
5.4928547e-05
1.5217481e-05
0.032667194
0.005036253
4.1411186e-06
0.0002514006
8.9321205e-08
6.515304e-08
-0.0672216
1.7266377e-05
5.142394e-06
0.00010722547
3.262873e-05
6.6384277e-06
0.00018324169
2.0621381e-07
0.008852185
0.00039231792
1.150242e-05
0.012168463
8.4515574e-07
0.021535622
0.031591646
0.0009876018
5.5017847e-07
0.00053669256
0.002615249
0.58886755
0.053064343
0.0051246355
-3.5272777e-05
0.0009468308
3.7977388
0.48595497
-0.0047339434
0.027278963
1.0023446e-05
-0.055574477
2.1904685e-05
0.07465338
-1.0908489
0.0011965235
3.9817696e-06
0.017995514
3.982252e-05
0.0026332305
0.14086637
1.2936742e-05
7.6144424e-06
0.029740794
-0.0011082634
3.0624055e-06
1.7956865e-05
5.400365e-05
0.0039421637
0.00074422493
0.0010329967
0.14358762
0.0008423739
5.661743e-05
0.115076415
-0.21438985
0.053882845
0.12691438
-0.00017229254
8.3157396e-08
1.2436023e-07
1.2445575e-07
1.2427371e-07
0.00015356657
0.11416238
0.010951997
5.724128e-05
0.0008119054
0.08143493
0.22845522
-0.00030159758
1.0708572e-05
0.01261332
0.0003078052
2.8970325e-07
0.066113316
0.00013768265
1.3077781e-06
0.05268765
0.0001322668
7.4242475e-05
8.522667e-05
9.245222e-06
-0.1630395
-1.2390673
0.00013769687
0.039198514
0.14276417
0.056142945
-0.03708626
-0.23381594
-0.046891045
-0.7689478
6.4615415e-05
0.038397294
-0.27656826
1.3957981e-06
6.319703e-07
1.63237e-05
-0.030796852
-0.61338615
3.895862e-05
-0.84072953
0.00017912875
7.921473e-07
8.544965e-07
-0.0717855
2.9713672e-05
0.27181512
0.00011724494
3.0342917e-05
0.00091810594
0.010449633
0.068013504
5.060077e-07
0.43151316
0.15570694
-0.00010088689
7.429607e-06
0.00023711854
8.643828e-06
-0.19818538
-0.019467825
-1.1650586
-0.09523753
-0.9631868
0.054647543
9.701311e-05
-0.037052505
1.060135
0.18888915
0.00019569257
0.00018080261
-0.26559538
-0.06671481
-1.6201172
1.5561181
0.8187249
0.0013451505
-1.5950545
0.06496447
-0.04799615
-0.83796394
0.088417366
-0.33912787
0.7547374
2.767105e-05
3.0368732e-05
-0.21334569
0.049533788
1.9133551
-0.20981872
0.32348198
-0.03269271
-0.6955681
-0.7728846
-0.36502007
0.48914889
0.44305038
0.28855118
0.32607368
-1.1205235
0.07067705
1.563094
0.10780703
0.53915316
0.9513126
0.3810708
0.19583641
-0.05668909
0.07861577
0.94183666
0.2421003
0.14977303
-0.041125905
-0.12963231
0.14947419
0.28340378
0.16167687
0.051832374
-0.06806421
-6.835523
-0.7875455
-0.10335839
-0.13095039
-0.7170259
-0.4624536
0.042282987
0.011324676
0.8055573
-0.18604048
-0.028211363
0.00953102
-0.31424534
0.57096523
-0.1126976
0.78285015
0.036382437
0.3340809
0.38416764
-0.0042095715
0.026098233
-2.6407804
-0.0057766945
-0.00040774967
0.16556586
-0.0007931027
-0.13191813
-0.088158995
-0.06473898
-0.02103625
-0.007977527
-0.05856853
-0.104052685
-0.10826557
-0.00056756
-5.9651006e-10
0.0
0.0
-1.5494255e-07
-3.4072473e-06
-0.16221106
-0.11006216
-0.08204074
-0.06159405
-0.027262881
-0.26357734
0.03479111
-0.0229365
-1.4290596e-08
0.0
0.0
-4.5312083e-07
-0.030483289
0.00014121157
6.935262e-12
0.0
0.0
0.0
-5.5534184e-07
0.0
3.5142745e-07
0.0
-0.00013896482
0.0
0.0
0.0022330934
0.0
0.0
0.0
2.5027338e-09
-0.002543115
-5.8798076e-07
4.8922807e-06
0.0
0.0
0.0041957204
0.0
0.007269667
-1.5328053e-05
-3.530846e-07
1.3816156e-06
-2.0041233e-10
0.0
2.9712246e-09
0.0
-0.024916876
-0.050171632
-0.007171906
-2.6195528e-05
0.0
0.0
-0.00037078417
0.0
5.810031e-10
-1.2588727e-07
6.194815e-05
5.1590165e-10
0.0
-2.4919509e-05
0.0
-0.052882835
0.021770252
-3.854047e-09
8.5125874e-05
0.0
0.0
0.029107414
2.3942189e-06
0.0
-9.934187e-11
0.0
1.1877389e-08
0.0
-0.0137968995
0.00057468074
6.045748e-09
0.0
3.5005252e-07
0.0
-0.02538428
2.1303106e-07
1.43008485e-08
0.0
0.0
0.0
-2.8439746e-07
0.0
-1.06685075e-05
2.4295237e-09
-0.00011462992
0.0
0.0
0.00037134733
-0.0010237832
0.0
0.0
1.4422651e-06
0.0
-0.011083897
2.52183e-06
0.0
-3.344449e-09
-1.0031727e-09
0.0
-0.01389195
-0.00024442616
-0.049711782
-0.00065751834
-1.9605234e-06
0.0
0.0
0.0
-0.0027683831
0.0
0.0
3.7547974e-09
0.0
-0.05022224
5.828792e-08
0.0
0.0
-0.0017140592
-0.0012827524
0.00015770744
-0.0001278697
0.0
1.371419e-09
0.0
-0.02098839
-0.18047915
-0.10385774
0.00010330243
-1.2494141e-07
0.0
0.0
-0.038778886
-0.029490579
-0.07761002
2.0282567e-05
0.0
0.0
-0.043987237
-0.30137578
-2.0634026e-05
0.0
0.0
-4.9758255e-06
0.0
-3.589262e-06
0.0
-0.00026125976
3.4015066e-08
0.027677877
8.7763695e-08
-0.023075843
-0.009091774
-0.016319374
0.0
0.0
4.3232973e-07
-0.007285178
-7.230439e-05
0.0011590421
0.0036967336
0.0
0.0
0.0
-4.38072e-09
0.0
5.1527306e-05
0.0
-0.011568015
0.0
0.0
2.1943487e-08
0.0
-0.01085822
0.0
-0.037239615
-0.109740056
-0.06298066
0.021816816
-1.5025381e-05
0.0
0.00012723428
0.0
-0.0033371942
4.4071763e-07
-0.00090406515
3.818423e-09
5.8865925e-07
0.0
0.0
1.9097663e-06
0.0
-0.009423817
0.0
-3.3721676e-07
0.0
2.5455518e-05
0.00010872158
2.050306e-05
0.0
-0.001229801
1.79686e-05
-0.029116001
-0.011564511
0.00028786252
-3.0395007e-09
0.0
-0.015433477
-2.8976933e-06
0.0
-6.752364e-05
0.0
-1.1233967e-06
0.0
-9.309783e-10
-0.04283415
-0.085375875
0.023456428
-0.06342179
-0.0037856128
-1.0225525e-05
0.0
6.578356e-08
0.0
2.2766719e-05
0.0
0.0023180349
0.0
0.0013968534
-1.8770666e-05
-1.2088164e-07
0.0
4.893557e-05
0.0
3.4421268e-11
0.0
0.0043177363
0.0
-0.009168521
0.0
7.151589e-11
0.0
-8.0719465e-06
0.0
0.0
-0.015400579
2.2730564e-08
0.0
0.0
-4.8619427e-06
0.0
4.7602634e-06
0.0
-1.0702273e-05
0.0
-0.022524808
-0.04834859
0.0
0.0
0.0
1.819435e-06
0.0
0.0
3.5286437e-11
0.0
-0.014962427
1.2412263e-06
-1.9272957e-10
0.0
0.00028982243
-6.674392e-08
4.308726e-08
0.0
-0.00086880237
0.0
0.0
-1.0745108e-09
0.0
0.0006015364
0.003690885
-0.001387142
-3.1016143e-07
-7.4036166e-10
0.0
0.0
-0.0015652986
1.475832e-05
5.6163667e-08
-0.01145423
-5.7060676e-09
0.0
-0.01882306
-0.00085563934
-8.3587634e-05
1.1531786e-08
0.0
0.0
0.0
0.0
-7.723453e-08
0.0
0.0
0.0
0.0006458862
0.111490756
-0.004925918
0.0
-7.831393e-05
0.0
-3.0336942e-08
0.0
5.7990174e-10
0.0
0.0
0.0
0.0
0.0
-0.0027955421
1.7391035e-07
-2.4932409e-11
0.0
0.0
0.0
-3.4777947e-09
0.0
0.0
0.0
-4.3480476e-08
0.0
0.0
4.5324848e-11
0.0
-1.2402013e-08
-1.1490172e-08
-0.024727924
0.01778551
8.612838e-08
-0.0025307946
1.2755453e-06
-8.218937e-06
0.0
-1.2372632e-08
0.0
0.0
-0.031648383
0.005386109
0.0015463611
6.5537247e-06
0.010239179
-0.00020206343
6.052394e-09
0.0
0.0
0.0
0.0
2.4241133e-11
-6.3388933e-10
0.0
0.0
0.0
0.0
0.0
-1.470111e-06
0.0
0.0
0.0
0.0126205245
1.1127326e-08
0.0
-0.028184071
0.0
0.0
0.0
0.0
0.0
-0.020980734
9.8748795e-05
-2.4839836e-10
0.0
0.0
0.0
-4.632993e-06
0.0
-8.6579827e-10
0.0
0.0017657113
0.0
0.0
0.0
0.0
0.0
-7.231976e-09
0.0
0.0
0.0
0.0
1.550681e-07
1.9346113e-07
0.0
0.0
0.0
0.0
0.0
-0.026195237
1.1405064e-05
1.459937e-09
0.0
0.0
-0.08054186
5.8873127e-05
2.2053305e-10
0.0
0.0
0.0
-2.211053e-11
0.0
3.277672e-10
0.0
0.0
0.0
0.015285438
0.0003548187
1.6703538e-08
0.0
0.0
0.0
0.0
-2.8244667e-06
0.0
0.0086543765
-0.06376985
0.0
0.0
0.0
0.0
-5.428586e-10
0.0
0.0
1.1665635e-10
0.0
-1.552695e-08
0.0
-0.033080164
3.9389353e-05
6.8956383e-09
0.0
0.0
0.0
0.0
-0.06873212
-1.1581022e-05
-9.907488e-09
0.0
0.0
1.1628351e-05
0.0
0.0
6.8437295e-08
0.0
0.0
-3.872606e-09
0.0
9.327137e-05
0.0
0.0
0.0
0.0
-2.2033166e-05
0.0
0.0
1.1810223e-05
-0.034884684
0.0
0.0
5.97723e-08
0.0
0.0
0.0
0.00043267242
-0.013048304
-0.01980211
0.0
0.0
0.0
-0.00027674573
0.0
-0.029319143
0.0
0.0
-2.764759e-06
0.0
0.0
-0.023551518
0.0
0.0
0.0
0.0
0.0
0.0
-0.018961506
6.9760833e-09
0.0
0.0
-6.863902e-08
0.0
0.0
0.0
1.2631726e-10
0.0
2.5777097e-05
0.0007366691
0.0
-2.7759408e-09
0.0
-9.710767e-07
2.0517342e-07
0.0
0.0
3.02103e-08
0.0
-0.014899075
0.0
0.0
0.0
0.0
0.0
1.6244351e-09
-1.6473849e-06
0.0
1.2672436e-05
1.9487776e-07
0.0
0.0
0.0
4.998552e-05
-7.1930906e-11
0.0
0.0
0.0025606568
0.0
-0.0031672614
0.0
0.0
0.0
0.0
-0.046188317
0.0
0.0011296974
2.6204647e-09
0.0
0.0
0.0
0.0
0.0
-8.206084e-06
0.0
0.0
0.0
2.722277e-08
1.9898137e-07
0.0
0.0
-2.610275e-05
4.9007647e-09
0.0
0.0005844727
4.799943e-07
0.0
0.0
0.0
0.0
-0.04229281
0.01659908
1.322339e-05
0.0
-7.797513e-11
0.0
0.0
0.0
0.0
1.7264355e-06
0.0
-6.546403e-05
-0.01256813
-0.04683257
0.0
0.0
0.0
0.0
0.006545337
4.8741214e-07
0.0
0.0
-0.030317176
0.036746282
6.445846e-05
-0.01916993
-1.8114618e-09
1.0788801e-08
0.0016399045
-2.5907877e-06
0.0
0.0
6.236934e-06
0.0
0.00069432746
0.0
0.0
-0.046620864
-9.80192e-09
-1.17378995e-07
5.9998754e-08
0.0
0.0
0.0
0.0
0.0
0.0
-5.861123e-10
0.0
0.0
0.0
3.837881e-09
9.863284e-08
0.0
0.0
0.0
-0.0053565633
0.0
1.7166536e-09
0.0
0.0
0.0
-1.0723519e-08
1.3799823e-07
0.0
0.0
0.0
0.0
-0.026571851
0.0016589323
-0.026154106
0.0
0.0
-2.0645289e-06
0.0
-0.009990747
5.320304e-06
-2.537811e-09
0.0
0.0
-0.0008126005
3.499319e-08
6.42562e-05
0.0
0.0024069606
1.0707869e-07
0.0
-0.006102053
0.0
-7.585575e-05
0.0
0.0
0.0
4.264863e-13
0.0
0.0
2.2305956e-11
0.0
0.0
-0.0154887345
0.00010255148
-1.1057816e-08
0.0
3.7900336e-05
-0.013482346
0.21403411
-0.03631019
-0.0006616877
-1.2538916e-06
0.0
-0.020145359
0.010761775
-0.00010828482
0.0
0.0
8.321279e-06
0.0
0.0
0.0
0.0
0.0
3.2410222e-10
0.0
0.0
-5.6478425e-06
0.0
0.0
-0.016492728
0.0
-1.2460621e-09
0.0
1.0378497e-07
0.0
0.0
-4.468693e-07
0.0
0.0
-8.05257e-09
0.0
0.0
0.0
0.0
9.0012577e-07
0.0
0.0
-1.7929159e-07
0.0
0.0
0.0
0.0
-0.010251881
0.000166439
-7.42765e-08
0.0
-2.453607e-07
-0.40879798
-8.409686e-05
2.3481215e-09
-0.05052234
-0.008498521
-3.6712123e-08
0.0
0.0
0.0008128092
3.021625e-08
0.14449008
-3.135164e-07
-0.022968253
-0.039661966
0.010033136
6.2891827e-06
0.0
0.0
0.0
0.0
0.0
0.0
1.054402e-09
0.0005122604
-8.740309e-10
0.0
-0.009366294
0.0024669163
0.0
-0.02280254
3.3241776e-07
1.2936788e-05
-0.055882186
-0.01589065
5.6225606e-08
0.0
0.0
0.0
0.0
-0.00034046476
0.0
0.0
0.0
0.00023329131
0.0
0.0
0.0
-9.40291e-09
0.0
0.0
-1.912756e-08
-0.028171692
1.16948995e-05
-3.310205e-10
0.0
-0.009115464
0.0
0.0
-4.138543e-07
0.0
0.0
0.0
0.00021150558
0.0
-0.00598042
0.0
0.0
-0.018438073
5.0024628e-08
0.0
0.0
0.0
-2.287054e-08
0.0
2.4604364e-07
0.0
2.2500979e-07
0.0
1.185663e-08
0.0
0.0
0.0
0.0
0.0
0.0
-0.0040114536
0.0
0.0
0.0
0.0
0.00063717813
0.0
0.0
-0.010815828
0.0
7.98678e-07
0.0
0.0
-0.059111
0.0
0.0
-1.081826e-05
0.0
0.003700829
0.043882675
-5.1244348e-05
3.5814056e-09
0.0
-2.9548988e-07
-2.6428104e-08
-0.07791344
0.0
0.0
0.0
0.0
0.0
-3.1405452e-07
-3.5641758e-09
-6.325344e-08
0.0
1.9448741e-10
0.0
0.0
0.0
-3.1729849e-06
0.0
0.0
0.0
0.0
0.0
0.01059415
-1.0455519e-09
0.0
0.0
-8.124779e-07
0.0
2.4023257e-07
0.0
0.0
0.0
-0.004327202
-9.346401e-07
0.0
0.0
-0.015274774
0.13987665
0.0
0.0
0.0
2.924423e-07
0.0
0.0
2.0261393e-09
-0.01204617
7.316688e-08
0.0
0.0
-0.05252312
-0.07423561
-0.019848993
0.053031348
7.22247e-07
0.0
0.0
0.0
3.898428e-07
0.0
-0.04851063
0.0
0.0
6.963771e-08
0.0
5.0794693e-05
0.0
2.9496827e-09
0.0001847461
-9.534617e-09
0.0
0.0
0.0
0.0
-1.5416786e-07
0.0
0.0
0.0
-0.051279865
-0.060451847
6.313588e-08
-1.3290724e-10
0.0
0.0
-2.4452322e-06
0.0
0.0044548875
3.7569975e-05
-0.05497732
1.03473485e-05
0.0
0.0
-0.016309047
0.0
0.0
-5.4950237e-06
0.0
0.0
0.0
-0.005372504
8.355266e-09
-0.0014994369
0.0
0.0
0.0
-5.7887894e-09
0.0
0.0
0.0
0.0
0.0
1.679117e-08
0.0
0.0
-9.0789545e-06
0.0
-0.0018667773
0.0
0.0
-0.00012605524
6.7009056e-09
0.0
0.0
-0.02476928
1.564586e-06
-1.2173643e-10
0.0
0.0
0.0
0.0
0.0
0.0
0.0
0.0
4.4454738e-09
0.0
0.0
0.0
0.0
-0.031159397
0.0
0.0
0.0
0.0
-8.325759e-11
0.0
-0.04837551
0.0
0.0
4.0013987e-10
0.0
0.0
-1.0584116e-06
0.0
0.0
3.8398732e-11
0.0
2.5933363e-07
0.0
-3.599284e-07
0.0
0.0
3.639449e-10
0.0
4.6841214e-10
0.0
-0.011152251
-0.024648396
-0.041738797
-2.3907256e-07
0.00024389544
-2.2542976e-10
0.0
0.0
1.6466921e-06
0.0
-0.02164638
-1.2483676e-07
0.0
0.0
0.0
-0.0079480335
-0.025345854
-0.14218174
-0.08881847
0.00020350219
0.0007363
-8.739492e-05
5.7059173e-05
0.0
0.0
0.00019461963
-8.2304975e-11
0.0
0.0
0.0
0.0
0.0
-0.033555765
-0.060876574
0.0007549995
-8.192708e-06
0.0
-1.3531476e-07
0.0
0.0
-5.3136972e-08
0.043702416
9.741617e-07
0.0
0.0
0.0
-3.7830277e-09
0.0
0.0
2.4324447e-07
0.0
-4.3915507e-09
0.0
0.0
-0.012577196
-4.6101638e-07
-1.0551692e-08
-0.00081853796
0.0
0.0
-1.6527187e-05
0.16086504
-1.5234582e-07
0.0
-0.009905197
0.23163334
3.209882e-07
0.0
-2.8247962e-07
-1.2820658e-06
0.0
-0.025470614
-0.025692793
0.3815778
-0.03386524
-0.013133859
1.0948038e-06
-1.4351266e-10
0.0
0.0
0.0
0.0
0.0
-0.022244127
0.0
0.0
0.0
-0.00011186226
1.2377162e-08
0.0
-0.0336703
0.028003128
3.120328e-08
0.0009544201
0.0
0.0
3.111121e-08
0.0
-1.8580656e-07
0.0
0.0
8.1429255e-07
-0.030624576
-0.03787139
1.9351222e-05
-0.01210024
2.5615624e-05
0.0
0.0
2.4504085e-11
0.0
-0.017834872
0.0
0.0
0.0
-1.185391e-05
0.0
-1.6153621e-09
0.0
0.0
0.0
0.0
-2.9145851e-06
0.0
-1.9212445e-07
0.0
1.6628037e-06
-8.792287e-06
-2.756128e-08
3.5116657e-06
0.0
-3.2169038e-07
0.0
0.0
0.0
-4.0732184e-06
0.0
-1.08450995e-05
0.0
0.0
0.0
0.0
1.1976604e-06
0.0
0.00047493682
0.0
0.0
0.0
0.0
-0.044766527
5.0405128e-05
4.253555e-06
0.0
-5.785249e-05
0.0
0.0
0.0
4.5272484e-09
0.0
-2.1062704e-05
0.0
-7.8210263e-07
0.0
0.0
-0.053610843
-0.00011653902
-2.6963673e-07
0.0
-0.018340359
-0.038562518
-9.9817905e-09
0.0
0.0
-0.017946705
-0.038288422
-7.461834e-05
0.003866348
0.00013082688
0.010449282
-2.6292164e-06
0.0
0.0
0.0
0.00011450402
1.05937545e-07
0.0
0.0
0.0053454344
0.0
0.0
-7.597893e-07
0.0
0.0
0.0
0.0
0.0
0.0
-0.012908437
-0.038622566
0.009069751
9.430976e-09
-0.0017265525
5.0760374e-08
6.961701e-08
0.0
9.308953e-06
0.0
0.0004720916
0.0
0.0
0.0
0.0
8.619675e-07
0.0
-8.9144913e-07
0.0
0.0
0.0
0.0
0.0
-0.02935316
0.017948067
-0.00010936128
9.591742e-10
1.7979616e-11
0.0
0.0
0.0
-0.03558166
-0.013007019
-0.043031923
0.000847235
-3.3537558e-06
0.0
5.167397e-08
-0.030763445
0.21691097
-2.7496976e-06
0.0
0.0
0.0
1.4752497e-05
0.0011294867
0.0
0.0
-0.016750067
-0.076971754
4.1903604e-07
1.7490325e-11
0.0
0.0
-5.180762e-05
3.8807992e-09
0.0
0.0
-2.5526363e-08
0.0
0.0
0.0
0.0
0.0
2.0353023e-06
0.0
0.0
0.0
0.0
-0.006869973
0.061311595
-4.5029414e-05
0.0
-2.905232e-08
0.0
0.0
0.0
0.0
0.0
0.0
0.0
0.0
1.850602e-09
0.0
0.0
0.0
-8.22173e-09
0.0
0.0
0.0
-5.303044e-09
0.0
0.0
0.0
3.0238398e-06
0.0
1.2630196e-10
0.0
0.0
-0.008740786
1.7244496e-07
-0.08168328
-0.019488359
0.0
0.0
0.0
0.0
0.0
-7.230597e-10
0.0
0.0
0.0
0.0
0.0
-5.02417e-05
0.0
0.0
0.0
0.0
-6.257391e-05
3.0836462e-11
0.0
0.0
0.0
0.0
0.0
0.0
-7.315218e-11
0.0
0.0
0.0
-2.9710516e-06
0.0
0.0
0.0
-4.6012255e-07
0.0
0.0
0.0
0.0
0.0
1.2521781e-05
0.0
0.0
1.37167255e-08
0.0
-0.00020331061
0.0
-1.4017771e-06
0.0
-1.163685e-05
0.0
0.0
0.0
-0.04625561
0.0
0.0
0.0
0.0
7.9737205e-08
0.0
0.0
-8.8114915e-10
0.0
0.0
1.1040478e-06
0.0
0.0
0.0
0.0
0.0
0.0
0.0
-0.002605078
7.5609705e-08
0.0008499896
0.0
-8.476116e-09
0.0
-0.0020258173
3.997056e-10
0.0
0.0
0.0
-3.908827e-06
0.0
0.0
-0.0060427743
-0.0050003002
0.0026154558
0.00062325975
-0.0881483
0.0
0.0
0.0
0.0
-0.0043699723
0.0
-2.0928928e-08
0.0
0.0
0.0
0.0
-6.484037e-09
0.0
5.324748e-10
0.0
0.0
0.0
0.0
4.50791e-09
0.0
0.0
0.0
0.0
-0.011399746
0.0
0.0
0.0
0.0
0.0
-6.6974434e-07
0.0
0.0
0.004829386
0.0
0.0
0.0
0.0
-0.05538471
-0.047383327
4.881899e-07
-2.7010708e-07
0.0
0.0
0.0
-0.03619942
2.427219e-08
0.0
0.0
0.0
0.0
-4.2191177e-06
0.0
0.0
0.0
-0.018952465
0.0
-0.039859608
0.0
0.0
0.0
0.0
1.0138956e-07
0.0
-1.4235083e-10
0.0
0.0
6.795481e-08
0.0
0.0
0.0
0.0
0.0
-0.032881144
0.0
0.0
0.0
1.6942469e-09
0.014033751
4.1830564e-08
0.0
3.087493e-06
0.0
4.695139e-06
2.7379052e-09
-0.14060058
0.0
0.0
0.0
0.0
0.0
-0.024851939
0.013446163
1.1662213e-09
0.0
-3.8107723e-05
0.0
0.0
5.4152526e-05
4.165357e-10
0.0
0.0
-8.8174954e-07
0.0
0.0
0.0
0.0
0.0
1.7745489e-08
0.0
0.0
0.0
9.024833e-10
-4.3296702e-10
0.0
1.885668e-10
-0.03367475
0.0
0.0
0.0
-9.265408e-10
0.0
0.0
-2.697303e-09
0.0
0.0
0.0
0.0
0.0
0.0
0.0
-0.0021684556
0.0
0.0
0.0
0.0
1.1194552e-08
0.0
0.0
0.0
0.004661196
0.0
9.7427335e-05
0.0
-6.641359e-08
0.0
0.0
0.0
0.0
0.0
0.0
0.0
0.0
-1.7456216e-08
0.0
1.04146025e-10
0.0
-0.06283974
4.3373453e-05
1.1807277e-10
0.0
0.0
0.0
0.0
-3.306317e-08
0.0
0.0
0.0
0.0
-1.4825646e-07
0.0
0.0
0.0
0.0
0.0
0.0
0.0
-2.5994936e-07
0.0
0.0
0.0
0.0
3.947385e-08
0.0
2.860154e-09
0.0
-1.5297351e-10
0.0
0.0
0.0
0.0
0.0
-9.251331e-08
0.0
0.0
-2.2037173e-05
0.0
0.0
-8.430159e-06
0.0
-1.12215615e-08
0.0
0.0
0.00010588728
0.0
0.0
0.014539869
0.0
0.0
-9.491951e-06
0.0
-3.1950294e-06
0.0
0.0
0.0
0.0
0.0037281439
0.0
0.0
0.0
2.8810965e-10
0.0
-4.2641526e-11
0.0
0.0
0.0
-0.021186048
0.0
0.0
0.0
-0.00666948
1.8120565e-07
0.0
3.0000936e-07
0.0
-0.016780877
0.0
0.0
-1.4223495e-05
0.0
1.0868562e-07
0.0
-6.310187e-09
0.0
0.0
0.0
-1.6467126e-08
0.0
0.0
4.9828006e-05
0.0
0.0
0.0
-9.623251e-06
0.0
0.0
0.0
0.0
0.0
-0.005832915
4.8188404e-08
0.0
-0.00077954953
1.3433612e-09
-3.021997e-08
0.0
-7.115262e-06
0.0
0.0
0.0
-3.5884412e-07
0.0
0.0
0.0
2.3171096e-06
0.0
5.3567213e-08
0.0
-2.4525317e-08
0.0
-3.648518e-10
0.0
6.059526e-07
0.0
0.011876407
0.0
0.0
0.0
0.0
0.0
0.0
0.0
0.0
0.0
4.2839045e-11
0.0
1.870989e-09
0.0
0.0
-0.07529074
0.02835394
-2.2405843e-06
0.0
0.0
0.0
0.0
1.6834947e-05
4.7273216e-09
0.0
0.0
1.893345e-10
-1.7112137e-05
0.0
0.0
0.0
1.6725696e-07
0.0
0.0
0.0
0.0
0.0
7.3840696e-05
0.0
0.0
0.0
0.00028027117
0.0
-0.00011161114
-9.269887e-09
0.0314372
-1.0022144e-07
0.0
-3.7812429e-06
0.0
0.0
0.0
0.0
-1.4771836e-05
0.0
3.0810075e-05
0.0
-0.01934525
-7.6727264e-07
-3.1389742e-09
0.0
2.2049764e-09
0.0
5.557681e-09
0.0
0.0
0.0
-1.0752461e-10
0.0
0.0
-1.4851455e-11
0.0
0.0
0.0
-2.2857202e-08
0.0
-0.036844257
-0.08123869
1.8716053e-08
0.0012274818
0.00040946
0.0
5.884586e-06
0.0
0.0
0.0
-0.04078741
0.0
0.0
0.0
-1.2130693e-07
0.0
0.0
-0.055946834
0.01839943
0.0
0.0
-2.380856e-11
0.0
-0.024835948
0.00047874084
-9.1905145e-10
0.0
-3.7552425e-08
0.0
-2.3716244e-11
0.0
0.0
-3.7027885e-08
0.0
1.3513704e-07
0.0
0.0
0.0
2.3351543e-08
0.0
6.135384e-06
0.0
0.0
0.0
9.185903e-07
0.0
0.0
0.0
-2.470885e-08
0.0
0.0
0.0
0.0
0.0
0.0
0.0
0.0
3.3534526e-11
0.0
0.0
3.408447e-06
0.0
0.0
0.0
-1.527752e-05
0.0
0.0
0.0
0.0
-0.048340507
0.0
-7.779486e-09
0.0
0.0
0.0
0.0018007654
-4.176304e-07
3.9630388e-07
0.0
0.0
0.008926048
1.1667634e-09
2.0974795e-07
0.0
0.0
0.0
0.0
0.0
0.0
-0.010093313
-0.029090017
-0.042630944
-0.07126094
-7.0365054e-08
0.0
0.0
1.1981044e-07
0.0
0.0
-1.5733364e-09
0.0
0.0
0.0
0.0
0.0
0.0
0.0
-3.2026408e-05
0.0
0.0
-0.013757284
0.0
0.0
0.0
0.0
0.0
-0.014287124
0.0
0.0
2.0513275e-11
0.0
0.0
0.0
-1.1156381e-09
0.0
-0.003660883
3.9737316e-09
8.090584e-07
0.0
9.4767046e-08
0.0
0.0
0.0
0.0
0.0
0.0
-3.4728032e-06
0.0
0.0
0.0
0.0
0.0
-1.5645751e-08
0.0
-2.869572e-07
0.0
0.0
0.0
0.0
0.0
0.0
0.0
2.167639e-05
0.0
-2.7503447e-07
0.0
0.0
0.0
0.0
0.0
0.0
0.0
1.3709818e-07
0.0
-0.04951553
-5.0795265e-05
-1.0723235e-07
0.0
2.6029456e-09
0.0
-0.004795526
2.3354844e-06
0.0
0.0
0.0
0.0
0.0
0.0
0.0
0.0
0.0
-0.00010726323
0.0
-5.9053353e-09
0.0
0.0005466566
-0.015291519
3.0884414e-07
0.0
0.0
-2.800961e-10
0.0
0.0
0.0
-1.437817e-08
0.0
0.0
0.0
0.0
6.731297e-06
0.0
0.0
0.0
0.0
-0.021766152
0.0
0.0
0.0
0.0
-1.0913478e-07
0.0
0.017394928
-0.00041293126
-7.8384136e-07
0.0
0.0
0.0
3.453587e-06
0.0
-7.941603e-09
0.0
0.0
0.0
0.0
0.0
0.0
0.0
0.0
-2.7693181e-07
0.0
0.0
-7.7636614e-10
0.0
-0.010843619
2.5153811e-08
0.0
0.0
0.0
7.2405887e-06
0.0
0.0
0.0
0.0
0.0
-6.1058834e-08
0.0
0.0
0.0
0.0
-8.579005e-09
0.0
0.0
0.0
0.0
0.0
0.0
0.0
-3.744449e-08
0.0
-4.850816e-05
0.0
0.0
0.0
0.0019470826
-1.3780382e-07
0.0
-2.29578e-11
0.0
0.0
0.0
0.0
0.0
0.0
0.0
0.0
0.0
0.0
-4.1083004e-10
0.0
0.0
0.0
-0.018204303
0.0005050791
0.34866044
5.4113274e-09
0.0
0.0
0.0
-0.000687242
0.0
0.0
0.0
0.0
-0.007856258
0.0
0.0
0.0
0.0
0.0
0.0
-8.7364443e-10
0.0
-0.00071557617
0.0022714043
-3.0896462e-07
0.0
-4.6928212e-09
0.0
0.0
0.0
-7.845278e-11
0.0
-5.156638e-07
0.0
0.0
0.0
3.98033e-06
7.848336e-05
0.0
0.0
0.0
0.0
0.0
0.0
0.0
0.0
0.0
0.0
-8.2280426e-11
0.0
0.0
-0.005577258
0.0
-1.9134416e-09
0.0
0.0
2.0455438e-05
0.0
0.0
0.0
0.0
0.0
0.0
0.0
0.0
0.0
-1.7500242e-09
0.0
-2.9660385e-10
0.0
-1.0730948e-06
0.0
0.0
0.0
0.0
0.0
0.0
0.0
0.0
0.0
0.0
0.0
-0.019384831
0.0
0.0
0.0
6.19806e-08
0.0
0.0
0.0
-2.9676361e-09
0.0
0.0
0.0
0.0
-4.848635e-08
0.0
0.0
0.0
-2.4763906e-07
0.0
-0.008207857
4.297536e-05
0.0
0.0
0.0
0.0
0.0
0.0
0.0
4.2726396e-07
0.0
-1.9855863e-10
0.0
0.0
0.0
0.0
-1.5194313e-07
0.0
0.0
-2.1361352e-07
0.0
0.0
0.0
0.0
0.0
0.0
-6.407136e-08
0.0
-3.208486e-07
0.0
2.4673345e-11
0.0
-6.70147e-09
0.0
0.0
0.0
0.0
0.0
0.0
0.0
0.0
0.0
-0.0053540557
0.0
0.0
-2.549593e-09
0.0
0.0
0.0
0.0
0.0
0.0
0.0
-2.5443294e-08
0.0
-1.4312083e-08
0.0
0.0
0.0
0.0
0.0
0.0
0.0
0.0
0.0
0.0
0.0
0.0
-3.7551897e-07
0.0
0.0
0.0
0.0
0.0
0.0
0.0
0.0
0.0
0.0
6.449616e-09
0.0
-0.06961678
-0.0010417437
0.0
0.0
0.0
-4.2387574e-06
0.0
0.0
0.0
0.0
0.0
-0.0008925923
0.0
0.0
-0.000114326554
0.0
0.0
0.0
0.0
0.0
-6.0295173e-07
0.0
0.0
0.0
0.0
0.0
0.0
0.0
0.0
7.154933e-08
0.0
-1.5341668e-05
0.0
-1.02030535e-05
0.0
-2.6615638e-07
0.0
-2.2820181e-09
0.0
0.0
0.0
-0.0011307357
7.5995885e-08
-0.010470746
0.0
0.0
-1.9318222e-07
0.0
0.0
0.0
0.0
0.0
0.0
0.0
0.0
0.0
0.0
0.0
0.0
0.00246168
0.0
5.724459e-10
-1.6977793e-08
0.0
0.0
0.0
0.0
0.0
0.0
0.0
-8.060067e-08
0.0
0.0
0.0
0.0
0.0
0.0
0.0
0.0
-3.564847e-05
0.0
0.0
0.0
0.0
0.0
0.0
-1.799767e-10
0.0
2.0423313e-06
0.0
-2.8597697e-06
0.0
0.0
7.923235e-06
0.0
-0.011251891
0.0
0.0
-4.9165482e-08
0.0
0.0
-0.07131837
0.0
0.0
0.0
-0.04010802
0.0
0.0
0.0
0.0
1.104578e-06
0.0
-4.1619045e-05
0.0
0.0
1.8476327e-09
0.0
0.00603499
0.0
0.0
-1.9148938e-06
0.0
-1.1613188e-05
0.0
-0.0017186941
0.0
0.0
0.0
0.0
-7.322127e-08
0.0
0.0
0.0
-4.500773e-09
0.0
0.0
0.0
0.0
0.0
0.0
4.0698154e-07
0.0
0.0
1.3415758e-05
0.0
0.0
-1.1940895e-09
0.0
0.0
0.0
1.763531e-07
0.0
0.0
0.0
0.0
0.0
0.0
0.0
-4.509921e-08
0.0
3.675047e-07
0.0
0.0
0.0
0.0
0.0
0.0
0.0
0.0
-8.193146e-06
0.0
-0.021406325
0.0
0.0
-0.00015977137
0.0
0.0
0.0
-6.6974417e-09
0.0
-2.738261e-05
0.0
0.0
-8.291706e-10
0.0
-0.053562976
0.0
0.0
0.0
0.0
-5.7685825e-06
0.0
0.0
0.0
0.0
0.0
0.0
0.0
0.0
-7.719182e-09
0.0
0.0
0.0
0.0
-4.9412843e-06
0.0
0.0010022831
0.0
0.0
-3.2192555e-09
0.0
0.0
0.0
0.0
0.0
0.0
0.0
0.0
3.52362e-08
0.0
0.0
0.0
0.0
0.0
0.0
-6.6208736e-07
0.0
0.0
0.0
0.0
0.0
-2.7947138e-09
0.0
-3.268557e-05
0.0
0.0
-5.151349e-05
0.0
0.0
-3.8690757e-09
0.0
-7.554172e-05
0.0
0.0
0.0
1.4726375e-08
0.0
0.0
-3.1735277e-09
0.0
-2.3910534e-08
0.0
0.0
0.0
0.0
0.0
0.0
0.0
-1.0619737e-08
0.0
0.0
0.0
0.0
0.0
0.0
0.0
0.0
0.0
0.0
-3.6304773e-06
0.0
0.0
0.0
0.0
0.0
0.0
0.0
0.0
-0.008899005
0.0
0.0
0.0
0.0
0.0
0.0
-0.06984082
1.1433298e-06
-3.0757202e-10
0.0
-1.5324451e-05
0.0
0.0
4.614065e-08
0.0
0.0
-0.05526968
-1.6744241e-05
-4.3266148e-08
0.0
-0.00058457407
0.0
0.0
0.0
-4.078657e-09
-4.2989395e-05
0.0
-0.0016140774
0.0
0.0
0.0
-9.900851e-07
0.0
0.0
0.0
0.0
0.0
0.0
0.0
0.0
-0.00865633
0.0
0.0
0.0
6.0361926e-06
0.0
0.0
0.0
-1.9976062e-07
0.0
0.0
0.0
0.0
0.0
0.0
0.0
-7.6655455e-09
0.0
0.0
0.0
6.996565e-06
0.0
0.0
0.0
0.0
0.0
0.0
0.0
0.0
0.0
0.0
-5.7427063e-11
0.0
0.0
0.0
0.0
0.0
-1.4660518e-08
0.0
0.0
0.0
-3.63375e-08
0.0
0.0
0.0
0.0
-8.268325e-10
0.0
0.0060643777
0.0
0.0
0.0
0.0
0.0
-4.8374e-08
0.0
0.0
0.0
-2.002306e-09
0.0
0.0
0.0
-4.5414406e-09
0.0
0.0
0.0
0.0
-1.9301024e-06
0.0
0.0
0.0
0.0
0.0
-0.017904287
0.0
-2.6193556e-08
0.0
-2.4785345e-08
-0.025237344
0.0
0.0
-1.4880932e-09
0.0
0.0
0.0
0.0
0.0
0.0
0.0
0.0
0.0
-4.2786306e-07
-1.2089711e-08
0.0
0.0
0.0
0.0
0.0
0.0
-8.554005e-05
0.0
0.0
2.0634279e-07
0.0
2.2537124e-05
0.0
0.0
0.0
-0.000101232756
0.0
-7.267313e-09
0.0
0.0023397834
0.00011110324
0.1327431
0.0
0.0
-2.8426153e-09
0.0
0.0
0.0
0.0
0.0
0.0
0.0
-0.009233692
0.0
0.0
0.0
0.0
0.0
-2.8602558e-09
0.0
0.0
0.0
0.0
0.0
0.0
0.0
0.0
0.0
0.0
0.0
0.0
0.0
0.0
0.0
-6.5161276e-10
0.0
-2.5605756e-08
0.0
0.0
-1.9202428e-08
0.0
0.0
0.0
-1.4193116e-09
0.0
0.0
0.0
0.0
0.0
-4.8851048e-11
0.0
0.0
0.0
-2.772413e-10
0.0
0.0
0.0
0.0
0.0
0.0
0.0
0.0
0.0
0.0048678135
0.0
0.0
3.5812805e-05
5.8458247e-09
0.0
0.0
-5.3881044e-10
0.0
0.0
0.0
-0.00042411854
0.0
0.0
0.0
-2.2580222e-08
0.0
0.0
0.0
-8.62638e-08
0.0
0.0
-1.8546727e-10
0.0
0.0
0.0
0.0
-5.950616e-10
0.0
0.0
0.0
0.0
-7.179059e-08
0.0
0.0
0.0
0.0
0.0
0.00048331503
0.0
0.0
-4.4940315e-08
0.0
0.0
-3.2117382e-09
0.0
-1.2516258e-09
0.0
0.0
0.0
0.0
0.0
0.0
0.0
1.08608994e-07
0.0
0.0
0.0
0.0
0.0
0.0
0.0
-1.6292135e-05
0.0
0.0
0.0
0.0
0.0
0.0
0.0
0.0
-8.934191e-05
0.0
0.0
0.0
0.0
-7.595478e-07
0.0
-0.00072537665
0.0
2.349492e-09
0.0
-3.8872855e-07
0.0
0.0
0.0
0.0
0.0
0.0
-0.052897427
0.0
0.0
0.0
0.0
0.0
0.0
0.0
0.0
0.0
0.0
-3.0093272e-08
0.0
-0.0062337723
0.0
0.0
0.0
7.397061e-07
0.0
0.0
-0.022238728
4.8506582e-08
-8.253593e-10
0.0
5.445812e-07
0.0
-1.7523995e-08
0.0
-2.2205981e-07
0.0
-2.1278808e-07
0.0
-4.3397494e-09
0.0
-5.5453655e-09
0.0
0.0
0.0
0.0
-4.2284953e-09
0.0
0.0
0.0
0.0
0.0
0.0
0.0
-2.3252518e-05
0.0
0.0
0.0
-1.578754e-07
0.0
0.0
0.0
-0.0077590225
0.0
0.0
0.0
0.0
0.0
0.0
0.0
-2.2916497e-06
0.0
0.0
0.0
0.0
0.0
0.0
-2.0929467e-05
0.0
-8.100095e-06
0.0
-4.4777667e-07
0.0
0.0
-5.5136185e-10
0.0
0.0
0.0
-5.897569e-06
0.0
-7.3733236e-06
0.0
-5.222768e-09
0.0
-6.688483e-08
0.0
-0.0071087987
0.0
-1.27184645e-08
0.0
0.0
0.0
0.0
3.383972e-08
0.0
0.0
0.0
-6.34841e-06
0.0
0.0
0.0
0.0
0.0
-1.15094316e-07
0.0
0.0
0.0
-5.238428e-08
0.0
0.0
0.0
0.00027814615
0.0
0.0
3.981462e-08
0.0
0.0
0.0
0.0
0.0
0.0
0.0
-8.289464e-06
0.0
0.0
0.0
0.0
0.0
0.0
-0.0031718996
4.410289e-08
0.0
0.0
0.0055239894
0.0
0.0
0.0
0.0
0.0
0.0
0.0
0.0
0.0
0.0
-2.1308645e-06
0.0
0.0
-8.764987e-09
-0.024792712
-3.1612213e-08
0.0
0.0
0.0
0.0
-0.0052977763
0.0
-0.0070747472
0.0
0.0
0.0
0.0
0.0
0.0
-1.5671384e-11
0.0
0.0
0.0
0.0
0.0
0.0
0.0
-0.020789042
0.0
0.0
0.0
0.0
0.0
0.0
1.445416e-05
0.0
-2.808302e-06
0.0
0.0
0.0
0.0
0.0
0.0
-0.021800166
-0.04018282
0.0
0.0
-8.4543e-10
0.0
-2.324579e-05
0.0
1.6582936e-08
0.0
0.0
0.0
-2.7032485e-09
0.0
-9.5087646e-11
0.0
0.0
0.0
0.0
0.0
-1.2328445e-05
0.0
-3.0161406e-08
0.0
-0.024848297
0.0
0.0
0.0
-2.9800766e-11
0.0
0.0
0.0
-2.9749392e-08
0.0
0.0
0.0
0.0
-1.15093796e-10
0.0
0.0
0.0
0.0
0.0
-2.6868336e-11
0.0
0.0
0.0
0.0
0.0
0.0
0.0
0.0
0.0
0.0
6.278195e-08
0.0
0.0
0.0
0.0
8.017421e-05
0.0
-0.0045675626
0.0
0.0
-2.2928214e-07
0.0
0.0
0.0
-3.8139356e-10
0.0
0.0
0.0
0.0
0.0
0.0
0.0
0.0
-1.8556163e-08
0.0
0.0
0.0
0.0
0.0
0.0
0.0
0.0
-2.9754945e-05
0.0
0.0
0.0
0.0
3.2211408e-12
0.0
0.0
0.0
0.0
0.0
-3.6773926e-09
0.0
0.0
0.0
0.0
0.0
0.0
0.0
0.0
-2.8210845e-10
0.0
-0.00031005018
-5.5403765e-10
0.0
0.0
0.0
0.0
0.0
0.0
0.0
0.0
0.0
-3.453659e-09
0.0
0.0
0.0
-1.0768102e-06
0.0
0.0
0.0
0.0
7.011666e-06
0.0
-1.061132e-06
0.0
0.0
1.123773e-08
0.0
-2.4044549e-09
0.0
0.0
0.0
-9.633204e-09
0.0
-1.4074917e-07
0.0
0.0
0.0
0.0
0.0
-1.6198798e-07
0.0
0.0
0.0
5.386545e-05
0.0
0.0
0.0
0.0
0.0
-0.048725065
0.0061674775
0.0
0.0
-5.205283e-07
0.0
0.0
-2.203733e-07
0.0
-2.1083376e-06
0.0
1.6910879e-07
0.0
0.0
0.0
0.0
0.0
0.0
0.0
0.0
0.0
0.0
0.0
0.0
0.0
0.0
0.0
-8.457279e-08
0.0
0.0
0.0
1.7210536e-05
0.0
0.0
0.0
0.0
-6.847942e-06
0.0
0.0
0.0
0.0
7.692455e-08
0.0
0.0
0.0
0.0
0.0
0.0
-4.128792e-07
0.0
-3.326425e-10
0.0
-1.5088619e-06
0.0
-5.9986096e-06
0.0
-8.225603e-08
0.0
-1.4322169e-05
-1.866232e-09
0.0
0.0
0.0
1.9279116e-06
0.0
0.0
0.0
-1.1299683e-08
0.0
-0.023695357
0.0
0.0
0.0
0.0
1.17121644e-07
1.5623703e-09
0.0
0.0
0.0
0.0
-2.2372317e-06
0.0
-2.6848456e-05
0.0
0.0
0.0
0.0
0.0
4.4284323e-09
0.0
0.0
0.0
0.0
0.0
0.0
-2.3709946e-07
0.0
-4.45081e-09
0.0
-1.5183503e-09
0.0
0.0
0.0
0.0
0.0
0.0
0.0
-1.3639918e-09
-1.4351196e-05
0.0
0.0
0.0
0.0
0.0
-0.005813522
0.0
0.0
0.0
0.0
0.0
-6.0630377e-05
0.0
0.0
0.0
0.0
0.0
0.0
0.0
0.0
-4.0246972e-12
0.0
0.0
0.0
0.0
0.0
0.0
0.0
0.0
5.767624e-10
0.0
0.0
0.0
0.0
0.0
1.3779421e-06
0.0
0.0
0.0
-0.00021046713
0.0
0.0
0.0
0.0
0.0
0.0
0.0
0.0
-0.027470134
0.0
0.0
0.0
0.0
0.0
0.0
0.0
0.0
0.0
0.0
-4.3479904e-09
0.0
-4.0238594e-11
0.0
0.0
-1.5672222e-07
0.0
0.0
-2.9478171e-08
0.0
0.0
0.0
0.0
0.0
0.0
0.0
0.0
0.0
0.0
0.0
0.0
0.0
0.0
0.0
-0.0014638209
0.0
0.0
0.0
0.0
0.0
0.0
0.0
0.0
0.0
0.00015273597
0.0
0.0
0.0
0.0
0.0
0.0
0.0
0.0
0.00036636565
0.0
-4.7810502e-09
0.0
0.0
2.1610982e-11
0.0
0.0
0.0
-0.0004111135
0.0
0.0
-2.7214105e-08
0.0
0.0
-0.0010848027
0.0
-2.9455118e-09
0.0
0.0
2.3870874e-07
0.0
0.0
0.0
0.0
0.0
0.0
0.0
-4.9824397e-05
1.0423923e-10
0.0
-3.0594558e-05
0.0
0.0
0.0
0.0
0.0
0.0
-3.7300122e-06
0.0
0.0
0.0
0.0
0.0
0.0
0.0
0.0
0.0
0.0
0.0
0.0
0.0
0.0
0.0
0.0
0.0
0.0
-2.3371521e-07
0.0
0.0
-3.887967e-11
0.0
-1.2551483e-05
1.8964978e-10
0.0
-4.493709e-07
0.0
-0.0063963467
1.4879748e-07
-5.653056e-07
0.0
-2.7196739e-08
0.0
0.0
5.3882684e-07
0.0
-0.00018773029
0.0
0.0
-1.4017393e-09
-5.384798e-08
0.0
-0.015916998
0.0
2.0131262e-12
0.0
0.00065086427
0.0
-7.1325396e-10
0.0
-9.35137e-06
0.0
0.0
0.0
0.0
0.0
0.0
0.0
0.0
0.0
0.0
-6.0818226e-09
0.0
-2.4442413e-08
0.0
0.0
0.0
2.9768179e-08
0.0
0.0
-0.014984594
-0.00012831244
-1.96308e-07
0.0
0.0
0.0
-1.746713e-06
0.0
0.0
-1.6608912e-09
0.0
0.0
0.0
0.0
-0.00043989814
0.0
-1.4411065e-11
0.0
0.0
0.0
0.0
0.0
-2.7607465e-08
0.0
0.0
-2.4512121e-09
0.0
-0.0005308199
0.0
0.0
0.0
0.0
0.0
0.0
0.0
0.0
0.0
0.0
0.0
0.0
0.0
0.0
-7.244489e-09
0.0
0.0
0.0
0.0
0.0
0.003102015
0.0
-1.3197448e-08
0.0
0.0
0.0
0.0
0.0
0.0
-0.00089659373
0.0
1.5440721e-06
5.9609784e-10
0.0
0.0
0.0
0.0
0.0
0.0
0.0
0.0
0.0
0.0
0.0
0.0
0.0003185246
0.0
0.0
0.0
0.0
-1.871563e-08
0.0
0.0
0.0
0.0
-5.415213e-09
0.0
0.0
-0.0045239436
0.0
-0.0041678254
0.0
0.0
0.0
0.0
0.0030420148
0.0
-0.00666046
0.0
-5.603985e-05
0.0
-2.049804e-06
0.0
0.0
0.0
0.0
0.0
0.0
-9.0307424e-07
0.0
0.0
0.0
0.0
-6.1965486e-09
0.0
-0.04772045
0.0
0.0
-0.0051163873
2.0647922e-08
-6.685873e-08
0.0
0.0
0.0
0.0
-3.492285e-05
0.0
-7.974906e-11
0.0
-2.2588613e-09
0.0
0.0
0.0
0.0
0.0
0.0
0.0
0.0
0.0
0.0
0.0
0.0
-2.550523e-07
0.0
0.0
-0.05198288
0.0
0.0
0.0
0.0
0.0
-2.8815356e-10
-4.9209596e-09
0.0
0.0
0.0
2.2225305e-10
0.0
-1.4357392e-10
0.0
0.0
0.0
-1.5672867e-05
0.0
-1.3730437e-07
0.0
0.0
0.0
-0.0065198354
0.0
0.0
0.0
-0.03617723
0.0
-0.004325163
0.0
0.0
0.0
0.00052757526
0.0
0.0
0.0
-3.3292103e-08
0.0
-2.7836313e-06
0.0
1.1328948e-10
5.8662555e-09
0.0
0.0
0.0
0.0
0.0
0.0
0.0
0.0
0.0
0.0
-2.0694302e-05
0.0
0.0
0.0
0.0
0.0
0.0
0.0
-0.00013267781
0.0
-1.1377371e-09
0.0
7.097306e-06
0.0
0.0
0.0
0.0
-5.2419085e-07
0.0
-1.8297898e-11
0.0
0.0
0.0
0.0
0.0
0.0
-6.726797e-10
0.0
0.0
0.0
0.0
0.0
6.231781e-08
0.0
0.0
-5.540986e-08
0.0
0.0
0.0
-2.2136557e-09
-4.1292385e-08
0.0
-2.1118461e-07
0.0
0.0
0.0
-5.9437994e-08
0.0
-1.122481e-09
0.0
0.0
0.0
-4.2438965e-06
0.0
-4.7818673e-08
0.0
3.3306384e-07
0.0
0.0
0.014103178
-0.04315759
0.0
0.0
-9.195666e-05
0.0
0.0
0.0
0.0
0.0
0.0
0.0
0.0
-7.333209e-05
0.0
0.0
-2.1141075e-11
0.0
0.0
0.0
0.0
0.0
0.006781187
0.0
0.0
0.0
-0.0006253756
0.0
0.0
-1.3457786e-07
0.0
0.0
0.0
1.9170504e-05
0.0
-1.3359845e-08
0.0
0.0
0.0
-3.527989e-09
0.0
0.0
0.0
0.0
-1.4378038e-07
0.0
0.0
0.0
-1.5378107e-09
0.0
0.0
0.0
0.0
0.0
0.0
0.0
-5.0059437e-09
0.0
2.3827504e-09
0.0
-3.716308e-06
0.0
0.0
-2.2006836e-09
0.0
0.0
0.0
-1.4977405e-06
0.0
-0.023326337
0.0
0.0
0.0
0.0
0.0
0.0
-7.9319635e-09
0.0
0.0
0.0
0.0
0.0
0.0
0.0
0.0
2.7105639e-06
0.0
0.0
0.0
-1.0553693e-07
0.0
0.0
-7.992412e-08
0.0
0.0
-1.2702812e-11
0.0
0.0
0.0
0.0
0.0
2.5263566e-07
0.0
0.0
-0.015669899
-1.682134e-08
0.0
0.0
-7.4185405e-06
2.830601e-07
0.0
-3.6918368e-07
0.0
-0.0006742619
1.1318021e-08
0.0
-0.004709117
0.0
0.0
0.0
0.0
0.0
-3.803091e-08
0.0
0.0
0.0
0.0
0.0
0.0
0.0
-3.6588888e-11
0.0
-9.596826e-10
0.0
0.0
0.0
0.0
0.0
0.0
-7.2719146e-08
0.0
0.0024192375
-0.0016540502
-7.801055e-07
0.0
0.0
0.0
-4.6203263e-06
0.0
0.0
0.0
0.0
0.0
0.0
0.0
0.0
0.0
-3.7290743e-08
0.0
0.0
0.0
0.0
-4.4169872e-07
0.0
-3.3408836e-07
0.0
0.0
0.0
-1.18753185e-07
0.0
-1.1852751e-09
0.0
0.0
-0.024318647
0.0
0.0
0.0
0.0
0.0
0.0
0.0
0.0
-5.3660365e-09
0.0
-1.5712814e-07
0.0
-1.8182301e-06
0.0
-4.090346e-10
0.0
0.0
0.0
0.0
-0.0001482384
0.0
0.0
-0.0017551762
-2.6108423e-06
-0.000275392
0.0
-0.006730795
2.9129149e-07
0.0
0.0
0.0
0.0
1.5156204e-06
0.0
0.0
0.0
-1.6716336e-05
0.0
0.0
0.0
0.0
0.0
-0.0063332766
0.0
0.0
-4.8287674e-08
0.0
-0.00014742596
0.0
0.0
5.0787544e-06
-7.0480826e-09
0.0
0.0
0.0
0.0
0.0
0.0
0.0
0.0
0.0
0.0
0.0
2.18268e-08
0.0
0.0
0.0
0.0
0.0
0.0
-2.13829e-07
0.0
-0.00010039299
0.0
-1.0623645e-08
-1.9548445e-09
0.0
0.0
0.0
5.026254e-09
0.0
-8.246787e-06
0.0
-0.012820354
0.0
0.0
-9.647381e-10
0.0
-6.8152556e-05
0.0
0.0
0.0
0.0
0.0
0.0
0.0
0.0
-3.929015e-08
0.0
0.0
0.0
0.0
1.3665407e-06
0.0
0.0
-0.035975534
0.1071001
-4.4335275e-07
0.0
0.0
0.0
0.0
-5.512352e-10
0.0
0.0
0.0
0.0
2.5503057e-09
0.0
-3.512862e-07
0.0
-2.2359925e-09
0.0
0.0
1.2025544e-10
0.0
0.0
0.0
0.0
0.0
0.0
0.0
0.0
0.0
0.0
0.0
0.0
1.4694127e-05
0.0
0.0
0.0
0.0
0.0
-5.9487513e-09
0.0
0.0
0.0
0.0
0.0
0.0
0.0
0.0
0.0
0.0
0.0
0.0
0.0
0.0
0.0
0.0
0.0
5.9931203e-06
0.0
0.0
0.0
0.0
0.0
3.895598e-09
0.0
0.0
0.0
-5.867568e-08
0.0
0.0
0.0
0.0
0.0
0.0
-1.5865172e-08
0.0
0.0
0.0
0.0
0.0
0.0
0.0
0.0
0.0
0.0
0.0
0.0
0.0
-7.0698127e-09
0.0
0.0
0.0
0.0
0.0
0.0
-6.919846e-10
0.0
-9.991994e-10
0.0
0.0
0.0
7.5991245e-08
0.0
0.0
0.0
0.0
0.0
0.0
0.0
0.0
0.0
0.0
0.0
0.0
0.0
0.0
0.0
0.0
0.0
0.0
0.0
0.0
0.0
0.0
-5.7817445e-08
0.0
0.0
0.0
3.878351e-07
0.0
0.0
0.0
0.0
0.0
-2.4745586e-05
0.0
0.0
0.0
0.0
0.0
0.0
1.01572404e-07
0.0
0.0
0.0
-1.8667832e-05
0.0
0.0
0.0
0.0
0.0
-3.1818254e-06
0.0
-0.0002541721
0.0
0.0
0.0
0.0
0.0
0.0
0.0
0.0
0.0
0.0
-3.7832e-10
0.0
0.0
0.0
0.0
0.0
-1.1128795e-09
0.0
0.0
0.0
0.0
-7.980504e-11
0.0
0.0
0.0
0.0
0.0
3.1420722e-09
0.0
2.867962e-09
0.0
0.0
0.0
3.516202e-10
0.0
0.0
0.0
0.0
0.0
0.0
0.0
0.0
-3.0073323e-07
0.0
0.0
-4.411491e-09
0.0
0.0
0.0
0.0
0.0
3.7765933e-09
0.0
0.0
0.0
0.0
0.0
0.0
0.0
0.0
0.0
0.0
0.0
0.0
0.0
0.0
0.0
0.0
0.0
0.0
0.0
0.0
0.0
0.0
0.0
0.0
0.0
0.0
0.0
1.678669e-08
0.0
0.0
0.0
-1.9638487e-06
0.0
0.0
0.0
0.0
0.0
0.0
0.0
0.0
0.0
0.0
-7.1590422e-09
0.0
0.0
0.0
0.0
0.0
0.0
-1.2707338e-07
0.0
0.0
0.0
0.0
0.0
0.0
0.0
0.0
0.0
0.0
0.0
0.0
0.0
0.0
0.0
0.0
0.0
0.0
-3.8678327e-06
0.0
0.0
0.0
-2.8231292e-05
0.0
0.0
0.0
0.0
0.0
0.0
0.0
0.0
0.0
-3.063623e-09
0.0
0.0
0.0
0.0
0.0
0.0
0.0
0.0
0.0
0.0
0.0
0.0
0.0
-1.0153903e-05
0.0
0.0
0.0
0.0
0.0
-9.527469e-07
0.0
0.0
0.0
0.0
0.0
0.0
0.0
0.0
0.0
0.0
0.0
0.0
0.0
-2.385537e-06
0.0
-9.269559e-08
0.0
0.0
0.0
0.0
0.0
0.0
0.0
0.0
0.0
0.0
0.0
0.0
0.0
0.0
4.1099307e-07
0.0
0.0
-1.596198e-07
0.0
0.0
0.0
0.0
0.0
0.0
0.0
0.0
0.0
0.0
0.0
0.0
0.0
0.0
-2.6816765e-10
0.0
0.0
0.0
0.0
-1.0763778e-08
0.0
0.0
0.0
0.0
0.0
0.0
0.0
0.0
0.0
0.0
0.0
0.0
0.0
-4.3175376e-07
0.0
1.0876859e-08
0.0
0.0
0.0
0.0
0.0
0.0
4.8529967e-09
0.0
0.0
0.0
0.0
0.0
0.0
0.0
-1.2133721e-06
0.0
0.0
0.0
0.0
0.0
0.0
0.0
0.0
0.0
0.0
0.0
0.0
0.0
0.0
0.0
0.0
0.0
0.0
0.0
0.0
0.0
0.0
0.0
-1.8825124e-07
0.0
0.0
0.0
0.0
0.0
0.0
0.0
-1.6788296e-06
0.0
0.0
0.0
0.0
0.0
0.0
0.0
0.0
0.0
0.0
-0.011123831
-0.033096503
0.0
0.0
0.0
0.0
0.0
0.0
-3.0376306e-09
0.0
9.006215e-10
0.0
0.0
-3.6836866e-06
0.0
0.0
0.0
0.0
0.0
0.0
0.0
0.0
0.0
1.4694047e-08
0.0
0.0
0.0
0.0
-3.9664172e-07
0.0
0.0
0.0
0.0
0.0
0.0
0.0
0.0
0.0
-3.427941e-07
0.0
0.0
0.0
0.0
1.1418841e-08
0.0
0.0
0.0
0.0
0.0
0.0
0.0
0.0
0.0
0.0
0.0
1.6427545e-06
0.0
0.0
0.0
0.0
0.0
0.0
0.0
0.0
0.0
0.0
0.0
0.0
0.0
0.0
0.0
0.0
0.0
-4.4099147e-06
0.0
0.0
0.0
0.0
0.0
0.0
0.0
-4.6599213e-09
0.0
0.0
0.0
0.0
2.1131453e-05
0.0
0.0
0.0
0.0
0.0
0.0
0.0
0.0
0.0
0.0
0.0
0.0
0.0
0.0
0.0
0.0
0.0
0.0
0.0
0.0
0.0
0.0
0.0
0.0
0.0
0.0
-0.00015676123
0.0
0.0
0.0
0.0
-2.2200832e-09
0.0
0.0
-1.7542014e-08
0.0
0.0
0.0
0.0
-1.8523517e-05
0.0
0.0
0.0
0.0
0.0
0.0
0.0
0.0
0.0
0.0
0.0
-1.9095136e-08
0.0
0.0
0.0
0.0
0.0
-7.5977695e-09
0.0
3.1330978e-07
0.0
0.0
0.0
0.0
0.0
0.0
0.0
0.0
0.0
0.0
-4.0035662e-05
0.0
0.0
0.0
0.0
0.0
0.0
0.0
0.0
1.2401036e-09
0.0
-5.856033e-07
0.0
0.0
0.0
0.0
0.0
0.0
0.0
-3.2621403e-05
0.0
0.0
0.0
0.0
0.0
0.0
0.0
0.0
-3.589764e-06
0.0
0.0
0.0
0.0
5.143866e-09
0.0
0.0
0.0
0.0
-0.0030570105
0.0
0.0
0.0
0.0
0.0
2.2309983e-09
0.0
0.0
0.0
0.0
0.0
0.0
0.0
-6.884232e-08
0.0
-9.481898e-09
0.0
-9.534922e-09
0.0
0.0
0.0
0.0
-7.603011e-09
0.0
0.0
0.0
-1.2819604e-08
0.0
0.0
0.0
0.0
-2.8117049e-05
0.0
0.0
0.0
0.0
0.0
0.0
0.0
-4.4144996e-10
0.0
-0.006743061
0.0
0.0
0.0
0.0
2.771884e-08
0.0
0.0
0.0
3.6373795e-08
0.0
0.0
0.0
0.0
-4.385925e-09
0.0
0.0
0.0
0.0
0.0
-7.1508184e-06
0.0
0.0
0.0
0.0
0.0
0.0
-3.4143584e-06
0.0
0.0
-0.00010503186
0.0
0.0
-3.8170314e-05
0.0
0.0
0.0
0.0
-1.3618837e-10
0.0
0.0
0.0
0.0
0.0
0.0
0.0
0.0
0.0
0.0
0.0
0.0
-3.3257759e-09
0.0
-2.0636446e-09
0.0
0.0
0.0
0.0
0.0
0.0
0.0
-0.000109284825
0.0
0.0
1.1398911e-05
0.0
0.0
0.0
0.0
0.0
-0.0025118438
0.0
0.0
-0.002523331
0.0
0.0
-2.9700362e-09
0.0
0.0
0.0
0.0
0.0
0.0
-4.8008606e-09
0.0
0.0
0.0
0.0
0.0
0.0
0.0
0.0
0.0
0.0
0.0
0.0
-3.986134e-05
0.0
0.0
0.0
0.0
0.0
0.0
-2.0603532e-07
0.0
-2.1902586e-06
0.0
-1.575577e-08
0.0
0.0
0.0
0.0
0.0
-1.6847855e-08
0.0
0.0
0.0
0.0
0.0
0.0
0.0
-1.3531466e-10
0.0
0.0
0.0
0.0
-1.0505681e-08
0.0
-1.0624115e-06
0.0
-1.4914825e-09
0.0
0.0
0.0
0.0
0.0
3.8244235e-07
0.0
-1.2826024e-06
0.0
0.0
0.0
0.0
0.0
0.0
0.0
0.0
0.0
0.0
0.0
0.0
0.0
7.306822e-07
1.0411761e-09
0.0
0.0
0.0
-0.0056340373
0.0
0.0
0.0
-1.5158717e-08
0.0
0.0
0.0
0.0
0.0
0.0
0.0
0.0
0.0
0.0
0.0
0.0
0.0
0.0
0.0
-1.5663372e-05
0.0
-2.6880277e-06
0.0
0.0
-3.9385886e-09
0.0
0.0
-2.7851206e-07
0.0
0.0
0.0
0.0
-1.8439872e-09
0.0
0.0
-5.175537e-08
0.0
0.0
0.0
0.0
0.0
0.0
0.0
0.0
0.0
0.0
0.0
0.0
0.0
0.0
0.0
0.0
0.0
-6.8479665e-07
0.0
4.5597835e-07
0.0
0.0
0.0
-0.00022862702
0.0
0.0
0.0
-0.000781254
0.0
0.0
0.0
0.0
0.0
0.0
0.0
-9.621373e-10
0.0
-3.3572714e-08
0.0
0.0
-1.4181707e-05
0.0
-0.0049254196
0.0
0.0
0.0
0.0
0.0
-4.238144e-06
0.0
0.0
0.0
0.0
0.0
-2.4241162e-10
0.0
0.0
0.0
0.0
-0.024917124
0.0
0.0
-4.312669e-07
0.0
0.0
0.0
0.0
0.0
-1.96577e-09
0.0
-6.299714e-07
0.0
0.0
0.0
0.0
0.0
0.0
0.0
-2.0555453e-07
0.0
0.0
6.063256e-09
0.0
0.0
0.0
-0.0072150887
0.0
0.0
0.0
0.0
0.0
0.0
0.0
0.0
0.0
-7.90204e-06
0.0
0.0
0.0
0.0
0.0
0.0
0.0
0.0
0.0
0.0
0.0
0.0
0.0
0.0
0.0
-8.240402e-08
0.0
0.0
0.0
0.0
0.0
7.610243e-08
-9.367086e-10
2.445348e-08
0.0
0.0
0.0
0.0
0.0
0.0
0.0
0.0
-2.9445593e-10
0.0
0.0
0.0
0.0
0.0
0.0
0.0
0.0
0.0
0.0
-1.268885e-05
0.0
0.0
0.0
0.0
0.0
0.0
0.0
0.0
0.0
-5.6375535e-09
0.0
0.0
0.0
-1.2610472e-07
0.0
0.0
0.0
0.0
0.0
0.0
0.0
0.0
0.0
0.0
0.0
0.0
0.0
0.0
0.0
0.0
0.0
0.0
-1.1636196e-09
0.0
0.0
-4.288749e-07
0.0
-5.049342e-05
0.0
0.0
0.0
0.0
0.0001256386
0.0
0.0
0.0
0.0
0.0
0.0
0.0
0.0
0.0
0.0
-3.8278074e-09
0.0
0.0
0.0
4.960752e-07
0.0
0.0
0.0
0.0
3.436664e-09
0.0
0.0
1.7011478e-09
0.0
0.0
0.0
0.0
0.0
0.0
0.0
0.0
0.0
0.0
-1.1103951e-09
0.0
4.819653e-09
0.0
0.0
0.0
0.0
0.0
0.0
0.0
0.0
0.0
0.0
0.0
0.0
0.0
0.0
0.0
0.0
0.0
0.0
0.0
0.0
0.0
0.0
0.0
0.0
-9.240534e-07
0.0
-2.6694884e-06
0.0
0.0
0.0
0.0
-1.7715593e-09
0.0
0.0
0.0
0.0
0.0
-9.496765e-07
0.0
0.0
0.0
0.0
0.0
0.0
0.0
0.0
0.0
0.0
0.0
0.0
-1.24367125e-05
0.0
0.0
0.0
0.0
0.0
0.0
0.0
0.0
0.0
0.0
0.0
0.0
0.0
0.0
0.0
0.0
-5.2932103e-09
0.0
2.0201615e-08
0.0
0.0
1.8648888e-07
0.0
-0.0064133755
0.0
0.0
0.0
0.0
0.0
0.0
0.0
0.0
0.0
0.0
0.0
0.0
0.0
0.0
0.0
0.0
0.0
0.0
0.0
0.0
0.0
0.0
5.8570118e-09
0.0
0.0
0.0
0.0
-6.1280756e-05
0.0
-3.3181116e-06
0.0
0.0
0.0
0.0
0.0
0.0
-1.0157443e-07
0.0
0.0
0.0
0.0
0.0
0.0
0.0
0.0
0.0
0.0
0.0
-1.0868349e-07
0.0
0.0
0.0
0.0
0.0
0.0
0.0
0.0
0.0
0.0
0.0
2.2776481e-08
0.0
0.0
0.0
0.0
0.0
0.0
0.0
0.0
0.0
0.0
-2.2173122e-08
0.0
0.0
0.0
0.0
0.0
0.0
0.0
0.0
0.0
0.0
0.0
0.0
0.0
0.0
0.0
-2.1802327e-09
0.0
0.0
0.0
4.7818017e-11
0.0
0.0
0.0
0.0
0.0
0.0
0.0
0.0
0.0
0.0
0.0
0.0
2.038957e-05
0.0
0.0
0.0
0.0
0.0
0.0
0.0
0.0
0.0
-2.8923325e-05
0.0
0.0
0.0
0.0
0.0
0.0
0.0
0.0
0.0
0.0
0.0
-5.729276e-09
0.0
0.0
0.0
-2.2305753e-06
0.0
0.0
0.0
0.0
0.0
0.0
0.0
0.0
0.0
0.0
-1.5338746e-06
0.0
-6.721239e-08
0.0
0.0
0.0
0.0
0.0
0.0
0.0
0.0
2.714745e-07
0.0
0.0
0.0
0.0
0.0
0.0
0.0
0.0
1.4052527e-07
0.0
0.0
-2.2362492e-06
0.0
0.0
0.0
-7.4395134e-10
0.0
-3.8505084e-09
0.0
0.0
0.0
0.0
0.0
0.0
0.0
0.0
0.0
0.0
0.0
0.0
0.0
0.0
0.0
0.0
0.0
0.0
0.0
0.0
0.0
0.0
0.0
0.0
0.0
0.0
0.0
0.0
0.0
-8.310691e-06
0.0
0.0
0.0
-6.437524e-05
0.0
0.0
0.0
0.0
0.0
-1.4391471e-05
0.0
0.0
0.0
0.0
0.0
-1.5322234e-08
0.0
-1.9325519e-10
0.0
0.0
0.0
0.0
0.0
0.0
0.0
0.0
0.0
-3.969774e-08
0.0
-0.022787642
0.0
0.0
0.0
-2.8894215e-08
0.0
0.0
0.0
-3.1485021e-09
0.0
0.0
0.0
0.0
0.0
0.0
0.0
0.0
0.0
0.0
0.0
0.0
0.0
0.0
0.0
0.0
0.0
0.0
0.0
0.0
-2.606503e-05
0.0
0.0
0.0
0.0
-4.0831039e-10
0.0
0.0
-1.0290218e-08
0.0
0.0
0.0
0.0
0.0
0.0
-9.486401e-07
0.0
0.0
0.0
0.0
-6.3362435e-08
0.0
0.0
0.0
0.0
-4.963376e-07
0.0
0.0
0.0
-4.702324e-10
0.0
0.0
0.0
0.0
0.0
0.0
0.0
0.0
-8.144661e-06
0.0
0.0
0.0
0.0
0.0
1.6617656e-09
0.0
0.0
0.0
0.0
0.0
0.0
0.0
0.0
0.0
0.0
0.0
0.0
0.0
0.0
0.0
-1.10208766e-10
0.0
0.0
0.0
0.0
0.0
0.0
-2.3767784e-07
0.0
0.0
0.0
0.0
0.0
0.0
2.0555102e-09
0.0
0.0
0.0
0.0
0.0
0.0
0.0
0.0
0.0
0.0
0.0
0.0
0.0
-1.7143763e-09
0.0
-6.5060685e-10
0.0
0.0
0.0
1.4985265e-08
0.0
-7.768641e-10
0.0
0.0
0.0
0.0
0.0
0.0
0.0
0.0
0.0
0.0
0.0
0.0
0.0
0.0
0.0
0.0
0.0
0.0
0.0
0.0
0.0
5.3355855e-08
0.0
0.0
0.0
0.0
0.0
-3.9718333e-07
0.0
0.0
0.0
0.0
0.0
-1.4216539e-10
0.0
0.0
-4.4289075e-09
0.0
0.0
0.0
0.0
0.0
0.0
0.0
0.0
0.0
0.0
0.0
0.0
0.0
0.0
4.8729557e-08
0.0
0.0
0.0
-8.033923e-09
0.0
0.0
0.0
0.0
6.734661e-09
0.0
0.0
0.0
0.0
0.0
0.0
0.0
0.0
0.0
0.0
0.0
0.0
0.0
0.0
0.0
0.0
0.0
0.0
0.0
-5.8444303e-09
0.0
0.0
0.0
0.0
0.0
0.0
0.0
0.0
0.0
0.0
0.0
0.0
0.0
-4.712947e-06
0.0
0.0
0.0
0.0
0.0
0.0
0.0
0.0
0.0
0.0
1.1414682e-08
0.0
0.0
0.0
-1.5015833e-07
0.0
0.0
5.0885405e-06
0.0
0.0
0.0
1.5000239e-09
0.0
0.0
0.0
0.0
0.0
0.0
0.0
0.0
0.004708969
0.0
0.0
0.0
2.0532126e-07
0.0
0.0
0.0
0.0
0.0
0.0
0.0
-3.4933537e-06
0.0
0.0
2.3007396e-10
0.0
0.0
0.0
-2.9183155e-07
0.0
0.0
0.0
0.0
0.0
0.0
0.0
0.0
-7.6684886e-10
0.0
0.0
0.0
0.0
0.0
0.0
0.0
0.0
0.0
-5.403543e-08
0.0
-5.0252816e-06
0.0
0.0
0.0
0.0
0.0
0.0
0.0
0.0
0.0
0.0
0.0
0.0
0.0
0.0
0.0
0.0
0.0
0.0
0.0
0.0
0.0
0.0
0.0
-3.7115604e-09
0.0
0.0
0.0
0.0
-3.9415482e-10
0.0
0.0
0.0
0.0
0.0
0.0
0.0
0.0
0.0
0.0
0.0
0.0
0.0
4.2059956e-09
0.0
0.0
-3.7059717e-08
0.0
0.0
0.0
0.0
0.0
-1.25525474e-08
0.0
0.0
0.0
0.0
0.0
-3.9677243e-08
0.0
0.0
3.1633465e-06
0.0
0.0
0.0
0.0
0.0
0.0
-2.1141053e-10
0.0
0.0
0.0
0.0
-5.333992e-09
0.0
0.0
0.0035315051
0.0
0.0
0.0
0.0
0.0
0.0
-1.626371e-08
0.0
0.0
0.0
-2.2759053e-08
0.0
0.0
0.0
2.4803916e-07
0.0
0.0
-1.1142548e-07
0.0
0.0
0.0
0.0
-2.2516247e-07
0.0
0.0
0.0
0.0
0.0
-4.925636e-08
0.0
0.0
0.0
0.0
0.0
0.0
0.0
0.0
0.0
0.0
1.765466e-09
0.0
0.0
0.0
0.0
-1.0478633e-10
0.0
0.0
0.0
3.9091447e-06
0.0
0.0
-1.8624565e-08
0.0
1.43925325e-08
0.0
0.0
0.0
0.0
0.0
-0.00027799726
0.0
0.0
0.0
0.0
0.0
-0.0055879923
0.0
0.0
0.0
0.0
0.0
-0.0105094155
0.0
0.0
-9.270415e-07
0.0
0.0
0.0
1.205679e-08
0.0
-0.00010440751
0.0
0.0
-4.8240454e-05
0.0
0.0
0.0
0.0
0.0
-1.8659716e-09
0.0
0.0
0.0
0.0
0.0
0.0
-0.011387166
0.0
0.0
0.0
0.0
0.0
0.0
0.0
0.0
0.0
0.0
2.8478123e-08
0.0
0.0
0.0
0.0
0.0
0.0
0.0
0.0
0.0
0.0
0.0
0.0
0.0
0.0
0.0
-1.4809022e-08
0.0
0.0
1.160325e-08
0.0
0.0
0.0
0.0
0.0
0.0
0.0
0.0
0.0
-2.9180012e-07
0.0
0.0
0.0
0.0
-9.851896e-09
0.0
0.0
-5.6099996e-09
0.0
-4.6333483e-07
0.0
0.0
0.0
-1.1188847e-05
0.0
-1.0084744e-10
0.0
0.0
0.0
0.0
0.0
-1.0805522e-10
0.0
-5.6790657e-09
0.0
0.0
0.0
0.0
-1.2346165e-09
0.0
0.0
0.0
0.0
0.0
0.0
1.4943411e-07
0.0
0.0
0.0
0.0
0.0
0.0
0.0
0.0
0.0
0.0
0.0
0.0
0.0
-0.0046338434
0.0
0.0
0.0
0.0
7.521281e-08
0.0
0.0
0.0
0.0
0.0
0.0
0.0
0.0
0.0
-3.4194954e-09
0.0
-4.4020282e-05
0.0
0.0
0.0
2.3467885e-07
0.0
0.0
0.0
0.0
0.0
0.0
0.0
0.0
0.0
0.0
0.0
0.0
0.0
-8.3322843e-10
0.0
0.0
0.0
0.0
0.0
0.0
0.0
0.0
-4.983364e-12
0.0
0.0
0.0
0.0
0.0
0.0
0.0
0.0
-1.2199544e-09
0.0
0.0
0.0
0.0
0.0
0.0
0.0
0.0
0.0
0.0
0.0
-2.437745e-07
0.0
0.0
0.0
0.0
0.0
0.0
0.0
0.0
0.0
0.0
0.0
0.0
0.0
0.0
-0.00014340544
0.0
-7.653439e-10
0.0
0.0
0.0
-9.150929e-06
0.0
0.0
-2.2744286e-10
0.0
0.0
0.0
0.0
0.0
0.0
0.0
-1.2324789e-09
0.0
-1.5689787e-07
0.0
1.3456641e-05
0.0
0.0
0.0
0.0
0.0
0.0
0.0
0.0
5.6036424e-08
0.0
0.0
0.0
0.0
0.0
0.0
0.0
0.0
-8.684508e-10
0.0
-2.7427046e-08
0.0
0.0
0.0
0.0
-0.008234856
0.0
0.0
0.0
0.0
0.0
0.0
3.611097e-09
0.0
0.0
0.0
0.0
-5.3210362e-05
0.0
0.0
-1.92872e-09
0.0
0.0
-2.5269553e-09
0.0
8.401932e-07
0.0
0.0
0.0
-0.0026615465
0.0
-1.5746687e-09
0.0
-2.6473148e-09
0.0
0.0
0.0
0.0
0.0
0.0
0.0
0.0
0.0
0.0
0.003667038
5.401342e-10
0.0
2.824944e-09
0.0
0.004732441
0.0
0.0
-9.930779e-06
0.0
0.0
0.0
0.0
0.0
-2.126978e-10
0.0
0.0
0.0
-5.5550178e-08
0.0
0.0
0.0
0.0
0.0
0.0
0.0
-1.8509775e-08
0.0
0.0
0.0
0.0
-9.231717e-09
0.0
0.0
0.0
0.0
0.0
0.0
0.0
0.0
0.0
-4.701261e-09
0.0
0.0
0.0
0.0
0.0
0.0
0.0
0.0
0.0
1.6066058e-09
0.0
-0.00011017116
0.0
-0.008362549
0.0
0.0
-1.1349354e-10
0.0
0.0
-3.6986e-05
0.0
0.0
-2.9676254e-08
0.0
0.0
0.0
-8.8310685e-08
0.0
0.0
0.0
0.0
0.0
0.0
0.0
0.0
0.0
0.0
-2.5080134e-09
0.0
0.0
0.0
0.0
-6.3070235e-07
6.1234257e-10
0.0
-8.437609e-10
0.0
-2.4955506e-08
0.0
0.0
0.0
0.0
-2.1538506e-10
-1.9562263e-09
0.0
0.0
0.0
0.0
0.0
-0.0017748262
0.0
0.0
-2.7363586e-10
0.0
0.0
0.0
0.0
-1.0015809e-06
0.0
4.0632422e-08
0.0
-6.509057e-10
0.0
0.0
0.0
0.0
0.0
0.0
-0.0001771242
0.0
0.0
0.0
0.0
0.0
0.0
0.0
0.0
0.0
0.0
0.0
0.0
0.0
6.652741e-07
0.0
0.0
7.2958306e-09
0.0
0.0
-6.8046677e-07
2.5354016e-08
0.0
-5.0108793e-09
0.0
0.0
0.0
0.0
-7.086892e-07
0.0
1.7023224e-08
0.0
0.0
1.00602485e-10
0.0
0.0
0.0
8.50751e-06
0.0
0.0027166656
5.4007423e-06
0.0
0.0
0.0
0.0
0.0
0.0
0.0
0.0
0.0
-8.770329e-09
0.0
0.0
0.0
0.0
0.0
0.0
0.0
0.0
0.0
-8.324187e-09
0.0
-1.0589269e-07
0.0
0.0
0.0
-0.0027334911
0.0
0.0
0.0
0.0
0.0
0.0
-7.162713e-08
0.0
0.0
0.0
0.0
-2.951252e-08
0.0
-1.0725144e-10
0.0
0.0
0.0
0.0
0.0
0.0
0.0
0.0
-9.197247e-09
0.0
0.0
0.0
0.0
0.0
0.0
0.0
-0.041906845
7.2134307e-09
0.0
-0.001771261
0.0
0.0
-9.3787315e-07
-0.023598475
0.0
-0.018400617
-7.121225e-09
-1.6086226e-05
0.0
0.0
0.04011931
-0.007133777
1.1480677e-07
-0.034473125
-5.0519157e-07
0.02516692
-0.012896184
0.05810842
-1.641869e-08
7.3794655e-07
-6.223766e-08
0.0
0.0
-0.037871208
-0.0006789832
-0.013229278
-7.039081e-09
0.0
0.0
-0.0039023312
0.0
-0.00021020736
-0.06444941
0.0
-1.9505442e-05
0.0
-0.0066127535
-0.019132037
0.0
-2.3907846e-08
-0.02070832
-0.020487957
0.0
-2.4995549e-08
0.0
0.0
-1.3900995e-05
0.0
-2.369969e-06
0.0
-4.479046e-09
-0.013592246
0.0
-1.075812e-08
0.0
-0.00443464
0.0
0.0
-2.4243596e-08
-0.011628857
0.0
0.0
-8.2534676e-08
-0.03202711
3.384564e-07
0.0
-1.8737582e-06
0.0
0.0
-4.3860814e-06
0.0
0.0
0.0
-0.048907008
7.3265976e-09
0.0
0.006752135
-4.9471424e-08
0.0
0.0
-0.008485004
-1.2316274e-07
0.0
0.0
0.0
-1.9205634e-08
0.0
-8.07492e-08
0.0
0.0
0.0
0.0
0.0
0.0
0.0
0.0
-0.0134049
0.0
0.0
-1.0739046e-07
0.0
-9.794707e-06
0.0
0.0
0.0
0.0
0.0
-0.0071582096
0.0
0.0
0.0
-0.014007939
0.0
-6.193873e-08
0.0
0.0
0.0
0.0
-0.066729195
0.0
0.0
0.0
0.0
-1.7293488e-09
0.0
-0.0097361365
0.0
0.0
-2.8364911e-06
0.0
-3.119377e-09
0.0
0.0
0.0
0.0
0.0
0.0
0.0
0.0
0.0
0.0
0.0
-5.660856e-09
0.0
-1.4874836e-05
0.0
0.0
0.0
0.0
0.0
9.33118e-08
0.0
0.0
0.00016399843
0.0
0.0
0.0
-0.000325836
0.0
0.0
-2.9761746e-09
0.0
-3.13958e-08
0.0
0.0
0.0
0.0
-0.00057342154
0.0
-1.5509703e-06
-2.7474348e-06
0.0
-0.0044475407
0.0
0.0
-0.0043961275
0.0
0.0
0.0
0.0
0.0
0.0
-2.4103144e-07
0.0
0.0
-7.66641e-07
0.0
-1.4023582e-05
0.0
-7.433149e-08
0.0
0.0
-0.012716335
0.0
0.0
-9.850088e-07
0.0
0.0
0.0
0.0
0.0
0.0
0.0
0.0
0.0
0.0
-2.5259396e-07
0.0
0.0
0.0
0.0
0.0
0.0
-3.8505796e-10
0.0
-1.867442e-08
0.0
-0.00019627709
0.0
0.0
0.0
0.0
0.0
0.0
0.0
0.0
0.0
0.0
-1.325271e-07
0.0
0.0
0.0
0.0
-1.1154581e-06
0.0
-0.004947866
0.0
0.0
-2.1157642e-07
0.0
0.0
0.0
0.0
0.0
0.0
0.0
0.0
-4.3486432e-09
0.0
0.0
0.0
-6.5775887e-09
0.0
0.0
0.0
-1.4466857e-06
0.0
0.0
0.0
-0.012938986
0.0
0.0
0.0
0.0
0.0
0.0
0.0
-2.3906819e-09
0.0
0.0
0.0
0.0
-1.0027391
-7.4060415e-07
0.0
0.0
0.0
0.0
0.0
0.0
0.0
0.0
0.0
0.0
0.0
0.0
0.0
0.0
0.0
0.0
0.0
0.0
0.0
0.0
0.0
0.0
0.0
0.0
0.0
0.0
9.866048e-07
0.0
0.0
0.0
0.0
0.0
0.0
0.0
-1.5076066e-07
0.0
0.0
0.0
0.0
0.0
0.0
0.0
0.0
0.0
0.0
0.0
0.0
0.0
0.0
0.0
0.0
0.0
0.0
0.0
0.0
0.0
0.0
0.0
0.0
0.0
0.0
0.0
0.0
0.0
0.0
0.0
0.0
0.0
0.0
0.0
0.0
0.0
0.0
0.0
0.0
0.0
-3.4534858e-10
0.0
3.7072492e-10
0.0
0.0
0.0
0.0
0.0
0.0
0.0
0.0
0.0
0.0
0.0
0.0
0.0
0.0
0.0
0.0
0.0
0.0
0.0
0.0
0.0
0.0
0.0
0.0
0.0
0.0
0.0
0.0
0.0
0.0
0.0
0.0
0.0
0.0
0.0
0.0
0.0
0.0
0.0
0.0
0.0
0.0
0.0
0.0
0.0
0.0
0.0
4.424032e-08
0.0
0.0
0.0
0.0
0.0
0.0
0.0
0.0
0.0
0.0
1.4754997e-07
0.0
0.0
0.0
0.0
0.0
0.0
0.0
0.0
0.0
0.0
0.0
0.0
0.0
0.0
0.0
0.0
0.0
0.0
0.0
0.0
0.0
0.0
0.0
0.0
-1.0219972e-09
0.0
0.0
0.0
0.0
0.0
0.0
0.0
0.0
0.0
0.0
0.0
0.0
0.0
0.0
0.0
1.997014e-06
0.0
0.0
0.0
0.0
0.0
0.0
0.0
1.9798767e-06
0.0
0.0
0.0
0.0
0.0
0.0
0.0
0.0
0.0
0.0
0.0
0.0
0.0
0.0
1.8990482e-08
0.0
0.0
7.9784634e-08
0.0
0.0
0.0
0.0
0.0
0.0
0.0
0.0
0.0
0.0
0.0
0.0
0.0
0.0
0.0
0.0
0.0
0.0
0.0
0.0
0.0
0.0
0.0
0.0
0.0
0.0
-4.3284624e-07
0.0
0.0
0.0
0.0
0.0
0.0
-5.6963816e-09
0.0
0.0
0.0
0.0002489321
0.0
0.0
0.0
0.0
0.0
0.0
0.0
0.0
0.0
0.0
0.0
0.0
0.0
0.0
0.0
0.0
-5.7796376e-07
0.0
0.0
1.1804735e-05
8.89455e-09
0.0
0.0
0.0
0.0
0.0
0.0
0.0
0.0
0.0
0.0
0.0
0.0
0.0
0.0
0.0
0.0
2.1162203e-05
0.0
0.0
0.0
0.0
0.0
5.168188e-07
0.0
0.0
0.0
-1.2005468e-08
0.0
0.0
0.0
0.0
0.0
0.0
0.0
0.0
0.0
0.0
0.0
0.0
0.0
0.0
0.0
0.0
0.0
0.0
0.0
0.0
0.0
0.0
0.0
0.0
0.0
0.0
0.0
0.0
0.0
0.0
0.0
0.0
0.0
0.0
0.0
0.0
0.0
0.0
0.0
0.0
0.0
0.0
0.0
0.0
0.0
0.0
0.0
0.0
0.0
0.0
0.0
0.0
0.0
0.0
0.0
0.0
0.0
0.0
0.0
0.0
0.0
0.0
0.0
0.0
0.0
0.0
0.0
0.0
0.0
-5.505538e-08
0.0
0.0
0.0
0.0
0.0
0.0
0.0
0.0
0.0
0.0
0.0
0.0
0.0
3.2973049e-09
0.0
0.0
0.0
0.0
0.0
0.0
0.0
0.0
0.0
0.0
-4.8216964e-10
0.0
0.0
0.0
0.0
0.0
0.0
0.0
0.0
0.0
0.0
0.0
0.0
0.0
0.0
0.0
0.0
0.0
0.0
0.0
0.0
0.0
0.0
0.0
0.0
0.0
0.0
0.0
0.0
0.0
0.0
0.0
0.0
0.0
0.0
0.0
0.0
9.430831e-09
0.0
0.0
0.0
0.0
0.0
-2.0702078e-07
0.0
0.0
0.0
0.0
0.0
0.0
0.0
0.0
0.0
0.0
0.0
0.0
0.0
0.0
-5.6005143e-09
0.0
0.0
0.0
0.0
0.0
0.0
0.0
0.0
0.0
0.0
3.2003162e-09
0.0
0.0
0.0
0.0
0.0
0.0
0.0
0.0
0.0
0.0
0.0
0.0
0.0
0.0
0.0
0.0
0.0
0.0
0.0
0.0
0.0
-7.3061255e-09
0.0
0.0
0.0
0.0
0.0
0.0
0.0
-8.151602e-09
0.0
0.0
8.0782115e-08
0.0
0.0
0.0
0.0
4.9979536e-09
0.0
-4.0928423e-08
0.0
0.0
0.0
0.0
0.0
0.0
0.0
0.0
0.0
0.0
0.0
0.0
0.0
0.0
0.0
-5.767233e-06
0.0
0.0
0.0
0.0
0.0
0.0
0.0
0.0
0.0
0.0
0.0
0.0
0.0
0.0
0.0
0.0
-3.8009316e-06
0.0
0.0
0.0
0.0
0.0
0.0
0.0
0.0
0.0
0.0
0.0
0.0
0.0
0.0
0.0
0.0
0.0
0.0
0.0
0.0
0.0
0.0
0.0
0.0
0.0
0.0
0.0
0.0
0.0
0.0
0.0
0.0
0.0
0.0
0.0
0.0
0.0
0.0
0.0
0.0
0.0
0.0
0.0
0.0
0.0
0.0
0.0
-1.1780928e-08
0.0
0.0
0.0
0.0
0.0
0.0
0.0
0.0
0.0
0.0
0.0
0.0
0.0
0.0
0.0
0.0
0.0
0.0
0.0
0.0
0.0
0.0
0.0
0.0
0.0
0.0
0.0
0.0
0.0
5.7985403e-06
0.0
0.0
0.0
0.0
0.0
0.0
0.0
0.0
0.0
0.0
0.0
0.0
0.0
0.0
0.0
0.0
0.0
0.0
0.0
0.0
0.0
0.0
0.0
0.0
0.0
0.0
0.0
0.0
0.0
0.0
0.0
0.0
0.0
0.0
0.0
0.0
0.0
0.0
0.0
0.0
0.0
0.0
0.0
0.0
0.0
0.0
0.0
-9.700496e-11
0.0
0.0
0.0
0.0
0.0
0.0
0.0
0.0
0.0
0.0
0.0
0.0
0.0
0.0
0.0
0.0
0.0
0.0
0.0
0.0
0.0
0.0
0.0
0.0
0.0
0.0
0.0
0.0
0.0
0.0
0.0
0.0
0.0
0.0
0.0
0.0
0.0
0.0
0.0
0.0
1.275322e-07
0.0
0.0
0.0
0.0
0.0
-6.2395816e-10
0.0
0.0
0.0
0.0
0.0
0.0
0.0
9.843259e-07
0.0
0.0
0.0
-7.5623675e-06
0.0
0.0
0.0
0.0
0.0
0.0
0.0
0.0
0.0
0.0
0.0
0.0
0.0
0.0
0.0
0.0
0.0
0.0
0.0
0.0
0.0
0.0
0.0
0.0
0.0
0.0
0.0
0.0
0.0
0.0
0.0
0.0
0.0
0.0
0.0
0.0
0.0
0.0
0.0
0.0
0.0
0.0
0.0
0.0
0.0
0.0
0.0
0.0
0.0
0.0
1.9847073e-09
0.0
0.0
0.0
0.0
0.0
0.0
0.0
0.0
0.0
0.0
0.0
0.0
0.0
0.0
0.0
0.0
0.0
0.0
0.0
2.4306994e-06
0.0
0.0
0.0
0.0
0.0
0.0
0.0
0.0
0.0
0.0
0.0
0.0
0.0
0.0
0.0
-9.958228e-10
0.0
0.0
0.0
0.0
0.0
0.0
0.0
0.0
0.0
0.0
0.0
0.0
0.0
0.0
0.0
-3.6973657e-10
0.0
0.0
0.0
0.0
0.0
0.0
0.0
0.0
0.0
0.0
-1.6991487e-09
0.0
0.0
0.0
0.0
0.0
-3.4224026e-10
0.0
1.9074245e-07
0.0
0.0
0.0
0.0
0.0
0.0
0.0
0.0
0.0
0.0
-8.2498886e-08
0.0
0.0
0.0
0.0
0.0
8.250841e-08
7.386576e-06
0.0
0.0
0.0
0.0
0.0
0.0
0.0
0.0
0.0
0.0
0.0
0.0
0.0
0.0
8.823101e-09
0.0
0.0
0.0
0.0
0.0
0.0
0.0
1.119198e-09
0.0
0.0
0.0
0.0
0.0
0.0
0.0
0.0
0.0
0.0
0.0
0.0
0.0
0.0
0.0
0.0
0.0
0.0
0.0
6.1151536e-06
0.0
0.0
0.0
0.0
0.0
0.0
0.0
0.0
0.0
0.0
0.0
0.0
0.0
0.0
0.0
0.0
0.0
0.0
0.0
0.0
0.0
0.0
0.00781504
0.0
0.0
0.0
0.0
0.0
0.0
0.0
0.0
0.0
0.0
0.0
0.0
0.0
0.0
0.0
0.0
0.0
0.0
0.0
0.0
0.0
0.0
0.0
0.0
0.0
0.0
2.0220176e-08
-0.023310352
0.0
0.0
0.0
2.6980233e-08
0.0
0.0
0.0
0.0
0.0
0.0
0.0
0.0
0.0
0.0
0.0
0.0
0.0
0.0
0.0
0.0
0.0
0.0
0.0
0.0
0.0
0.0
0.0
0.0
0.0
0.0
0.0
0.0
0.0
0.0
0.0
0.0
0.0
0.0
-2.6882058e-10
0.0
0.0
0.0
1.5677005e-08
9.34435e-08
0.0
0.0
0.0
0.0
0.0
-3.5338064e-07
0.0
0.0
0.0
0.0
0.0
3.6102623e-08
0.0
0.0
0.0
0.0
0.0
0.0
0.0
0.0
-4.925251e-09
0.0
0.0
0.0
0.0
0.0
0.0
0.0
0.0
0.0
0.0
0.0
0.0
0.0
0.0
0.0
0.0
0.0
0.0
0.0
0.0
0.0
0.0
1.5501068e-07
0.0
0.0
0.0
0.0
0.0
0.0
0.0
0.0
0.0
0.0
0.0
0.0
0.0
0.0
0.0
0.0
0.0
0.0
0.0
0.0
0.0
0.0
0.0
0.0
0.0
0.0
0.0
0.0
0.0
0.0
0.0
0.0
0.0
0.0
6.283426e-10
0.0
0.0
0.0
0.0
0.0
0.0
0.0
0.0
0.0
0.0
0.0
0.0
0.0
0.0
0.0
0.0
0.0
0.0
0.0
0.0
1.03732425e-10
0.0
0.0
0.0
0.0
0.0
0.0
0.0
0.0
0.0
0.0
0.0
0.0
0.0
0.0
0.0
0.0
0.0
0.0
0.0
0.0
0.0
0.0
0.0
0.0
0.0
0.0
0.0
0.0
0.0
0.0
0.0
0.0
0.0
0.0
0.0
0.0
0.0
0.0
0.0
0.0
0.0
0.0
0.0
0.0
0.0
0.0
0.0
0.0
0.0
0.0
2.1192127e-06
0.0
-6.060425e-10
0.0
0.0
0.0
0.0
0.0
0.0
0.0
-3.4015608e-09
0.0
0.0
0.0
0.0
0.0
0.0
0.0
0.0
0.0
0.0
0.0
0.0
0.0
0.0
0.0
0.0
0.0
0.0
0.0
-1.0804494e-08
0.0
1.337529e-08
0.0
0.0
0.0
1.8891242e-08
0.0
0.0
0.0
0.0
0.0
0.0
0.0
0.0
0.0
0.0
7.9834406e-10
0.0
0.0
0.0
0.0
0.0
0.0
0.0
0.0
1.190405e-08
0.0
0.0
0.0
0.0
0.0
0.0
0.0
0.0
0.0
0.0
0.0
0.0
0.0
0.0
0.0
0.0
0.0
0.0
0.0
0.0
0.0
0.0
0.0
0.0
0.0
0.0
0.0
0.0
0.0
0.0
0.0
0.0
-1.3382993e-06
0.0
0.0
0.0
0.0
0.0
0.0
0.0
2.829544e-11
0.0
0.0
0.0
0.0
0.0
0.0
0.0
7.0841884e-07
0.0
0.0
0.0
0.0
2.1363923e-07
0.0
0.0
0.0
0.0
0.0
0.0
0.0
0.0
0.0
2.3123107e-06
0.0
0.0
0.0
0.0
-1.3959891e-07
0.0
0.0
0.0
0.0
0.0
0.0
0.0
0.0
0.0
0.0
0.0
0.0
0.0
0.0
0.0
2.2782092e-07
0.0
0.0
0.0
0.0
0.0
0.0
0.0
0.0
0.0
0.0
0.0
0.0
0.0
0.0
0.0
0.0
0.0
0.0
0.0
0.0
0.0
0.0
0.0
0.0
7.850471e-08
0.0
0.0
0.0
0.0
0.0
0.0
0.0
0.0
0.0
0.0
0.0
0.0
0.0
0.0
0.0
0.0
0.0
0.0
0.0
0.0
0.0
-7.32274e-08
0.0
0.0
0.0
0.0
0.0
0.0
0.0
0.0
0.0
0.0
0.0
0.0
0.0
0.0
0.0
0.0
0.0
0.0
0.0
0.0
0.0
0.0
0.0
0.0
0.0
0.0
0.0
0.0
0.0
0.0
0.0
0.0
0.0
0.0
0.0
0.0
0.0
0.0
0.0
0.0
0.0
-1.5987287e-05
0.0
0.0
0.0
0.0
0.0
0.0
0.0
0.0
0.0
0.0
0.0
0.0
0.0
0.0
2.4351899e-05
0.0
0.0
0.0
0.0
0.0
0.0
0.0
0.0
0.0
0.0
0.0
0.0
0.0
0.0
0.0
0.0
0.0
0.0
0.0
0.0
0.0
0.0
0.0
0.0
0.0
0.0
0.0
0.0
0.0
0.0
0.0
0.0
0.0
0.0
0.0
0.0
0.0
0.0
0.0
0.0
0.0
0.0
0.0
0.0
0.0
0.0
0.0
0.0
8.240364e-09
0.0
0.0
0.0
0.0
0.0
0.0
0.0
0.0
0.0
0.0
0.0
0.0
0.0
0.0
0.0
0.0
0.0
0.0
0.0
0.0
0.0
0.0
0.0
0.0
0.0
0.0
0.0
0.0
0.0
0.0
0.0
0.0
0.0
0.0
2.4124736e-07
0.0
0.0
0.0
0.0
0.0
0.0
-4.596106e-10
0.0
0.0
0.0
0.0
0.0
0.0
1.0092318e-09
0.0
0.0
0.0
0.0
0.0
0.0
0.0
0.0
0.0
1.3155292e-07
0.0
0.0
0.0
0.0
0.0
0.0
0.0
0.0
0.0
0.0
0.0
0.0
0.0
-1.3777932e-06
0.0
0.0
0.0
1.4849827e-07
-3.3451855e-07
1.1004101e-09
0.0
0.0
0.0
0.0
0.0
0.0
0.0
0.0
0.0
0.0
0.0
0.0
0.0
0.0
0.0
0.0
0.0
0.0
0.0
0.0
0.0
0.0
0.0
0.0
0.0
0.0
0.0
0.0
0.0
0.0
0.0
0.0
0.0
0.0
0.0
0.0
0.0
0.0
0.0
0.0
0.0
0.0
0.0
0.0
0.0
0.0
0.0
0.0
-7.8390155e-10
0.0
0.0
0.0
0.0
0.0
0.0
0.0
0.0
0.0
0.0
0.0
0.0
0.0
0.0
0.0
0.0
0.0
0.0
0.0
0.0
0.0
0.0
0.0
0.0
0.0
0.0
0.0
-8.402865e-06
0.0
0.0
0.0
0.0
0.0
0.0
0.0
0.0
0.0
0.0
0.0
0.0
0.0
0.0
0.0
0.0
0.0
0.0
0.0
0.0
0.0
0.0
0.0
0.0
0.0
0.0
0.0
0.0
0.0
0.0
0.0
0.0
0.0
0.0
0.0
0.0
0.0
0.0
0.0
0.0
0.0
0.0
0.0
0.0
0.0
0.0
0.0
0.0
0.0
0.0
0.0
0.0
0.0
0.0
0.0
0.0
0.0
0.0
0.0
0.0
0.0
0.0
0.0
0.0
0.0
8.862447e-09
0.0
0.0
0.0
0.0
0.0
0.0
0.0
0.0
0.0
0.0
0.0
0.0
0.0
0.0
0.0
0.0
0.0
0.0
1.7868547e-07
0.0
0.0
0.0
0.0
0.0
0.0
0.0
0.0
0.0
0.0
0.0
0.0
0.0
0.0
0.0
-1.02036054e-07
0.0
-1.0073921e-10
0.0
-3.713769e-08
0.0
0.0
-5.169117e-07
0.0
0.0
0.0
0.0
0.0
0.0
0.0
0.0
0.0
0.0
0.0
0.0
0.0
0.0
0.0
2.4517902e-05
0.0
0.0
0.0
0.0
0.0
0.0
0.0
0.0
0.0
0.0
0.0
0.0
0.0
0.0
0.0
0.0
0.0
0.0
0.0
0.0
0.0
0.0
0.0
7.16063e-09
0.0
0.0
0.0
0.0
0.0
0.0
0.0
0.0
0.0
0.0
0.0
0.0
-4.8188356e-09
0.0
0.0
0.0
0.0
0.0
0.0
0.0
0.0
0.0
0.0
0.0
0.0
0.0
0.0
0.0
0.0
0.0
0.0
0.0
0.0
0.0
0.0
0.0
0.0
0.0
0.0
0.0
0.0
0.0
0.0
0.0
0.0
0.0
0.0
0.0
0.0
0.0
0.0
0.0
0.0
0.0
0.0
0.0
0.0
0.0
0.0
0.0
0.0
0.0
0.0
0.0
0.0
0.0
0.0
0.0
0.0
0.0
0.0
0.0
0.0
0.0
0.0
0.0
0.0
0.0
0.0
0.0
0.0
0.0
0.0
0.0
0.0
0.0
0.0
0.0
0.0
0.0
0.0
0.0
0.0
0.0
0.0
0.0
0.0
0.0
0.0
0.0
0.0
0.0
0.0
0.0
0.0
0.0
0.0
0.0
0.0
0.0
0.0
0.0
0.0
0.0
0.0
0.0
0.0
0.0
0.0
0.0
0.0
0.0
0.0
0.0
0.0
0.0
0.0
0.0
0.0
0.0
0.0
0.0
0.0
0.0
0.0
1.4613185e-07
0.0
7.0980666e-10
0.0
0.0
0.0
0.0
0.0
0.0
0.0
0.0
0.0
0.0
0.0
0.0
0.0
0.0
0.0
0.0
0.0
0.0
0.00070604845
0.0
0.0
0.0
0.0
0.0
0.0
0.0
0.0
0.0
0.0
0.0
0.0
0.0
0.0
0.0
0.0
0.0
0.0
0.0
0.0
-2.8108522e-09
0.0
0.0
0.0
0.0
0.0
0.0
0.0
0.0
0.0
0.0
0.0
0.0
0.0
0.0
0.0
0.0
0.0
0.0
0.0
0.0
0.0
0.0
0.0
0.0
0.0
0.0
0.0
0.0
0.0
0.0
0.0
0.0
0.0
0.0
0.0
0.0
0.0
0.0
0.0
0.0
0.0
0.0
0.0
0.0
0.0
0.0
0.0
0.0
7.182484e-10
0.0
0.0
0.0
0.0
0.0
0.0
0.0
0.0
0.0
0.0
0.0
0.0
0.0
0.0
0.0
0.0
0.0
-1.9344122e-10
0.0
0.0
0.0
0.0
0.0
0.0
0.0
0.0
0.0
0.0
0.0
0.0
0.0
0.0
0.0
0.0
0.0
0.0
0.0
0.0
0.0
0.0
0.0
0.0
0.0
0.0
0.0
0.0
0.0
0.0
0.0
0.0
0.0
0.0
0.0
0.0
0.0
7.516698e-09
0.0
0.0
0.0
0.0
0.0
0.0
0.0
0.0
0.0
0.0
0.0
0.0
1.2962204e-07
0.0
0.0
0.0
0.0
0.0
0.0
0.0
0.0
0.0
0.0
0.0
2.6795552e-08
0.0
0.0
0.0
0.0
0.0
0.0
0.0
0.0
0.0
0.0
0.0
0.0
0.0
0.0
0.0
0.0
0.0
1.9768545e-09
0.0
0.0
0.0
0.0
0.0
0.0
0.0
0.0
0.0
0.0
0.0
0.0
0.0
0.0
1.2099251e-07
0.0
0.0
0.0
0.0
0.0
0.0
0.0
0.0
0.0
0.0
0.0
0.0
0.0
0.0
0.0
0.0
0.0
0.0
0.0
0.0
0.0
0.0
0.0
0.0
0.0
0.0
0.0
0.0
0.0
0.0
0.0
0.0
0.0
0.0
0.0
0.0
0.0
0.0
-4.5410324e-08
0.0
0.0
0.0
0.0
0.0
0.0
0.0
0.0
0.0
0.0
0.0
0.0
0.0
0.0
0.0
0.0
0.0
0.0
0.0
0.0
0.0
0.0
0.0
0.0
0.0
0.0
0.0
0.0
0.0
0.0
0.0
0.0
0.0
0.0
0.0
0.0
0.0
0.0
0.0
0.0
0.0
0.0
0.0
0.0
0.0
0.0
0.0
0.0
0.0
0.0
0.0
0.0
0.0
0.0
0.0
0.0
0.0
0.0
0.0
0.0
0.0
7.4163244e-09
0.0
0.0
0.0
-1.4374017e-07
0.0
0.0
0.0
0.0
0.0
0.0
0.0
0.0
0.0
0.0
0.0
0.0
0.0
0.0
0.0
0.0
0.0
0.0
0.0
0.0
0.0
0.0
0.0
0.0
0.0
0.0
0.0
0.0
0.0
0.0
0.0
0.0
0.0
0.0
0.0
0.0
0.0
0.0
0.0
0.0
0.0
0.0
0.0
0.0
0.0
0.0
0.0
0.0
0.0
0.0
0.0
0.0
0.0
0.0
0.0
0.0
0.0
0.0
0.0
0.0
0.0
0.0
0.0
0.0
0.0
0.0
0.0
0.0
0.0
0.0
0.0
0.0
0.0
0.0
0.0
0.0
0.0
0.0
0.0
0.0
0.0
0.0
0.0
0.0
0.0
0.0
0.0
0.0
0.0
0.0
0.0
0.0
0.0
0.0
0.0
0.0
0.0
0.0
0.0
0.0
0.0
