-40.29163947400006
-36.29713428499997
-8.749448443900004
-14.543773424599978
-17.394652043599994
-12.0723364903
-12.83071063149997
11.307620484999998
25.13482210429999
30.38172038600005
6.288857272000001
17.28975160799999
19.909993803999964
-0.9782209430000162
-1.513807827299979
-11.94359935400001
42.52686414000008
-3.439914621000005
19.49791131600002
27.290043577999985
11.42321102200001
16.458783538500025
-25.30060516400001
13.038062970999997
13.764568762000012
19.773630666999974
27.17716288100001
8.774000309999995
9.547538830000002
13.6796316
-3.665900392800023
-2.577028259499997
11.251655099999999
14.403842600000004
-34.86782373000001
25.813377728000003
18.19839779000004
11.251571340000002
-13.36737006899999
14.457224345999974
-59.23928117799995
16.279868048999994
14.513006947400033
14.573813851000013
-42.74103544200005
-28.670231710499973
9.574221945000023
12.958781000000009
2.160678938999998
10.151455926899999
10.45142666900002
-40.29521636600003
6.683237486499995
1.9913928
-3.5739325479999997
-57.614273028999975
46.09614514000005
-65.40038524000008
33.57353898
52.96883550000001
1.6955111
3.8309463510000072
20.581801504999984
53.62763200000001
43.66865509699999
46.02452309999997
-65.15130206209996
1.3934043000000005
3.180971173999997
1.3842442000000001
1.3881918000000002
-16.499592857999993
1.3916984000000003
-25.741929566399996
54.82075460000004
5.783977506999998
1.3975232000000002
-60.425794276
-32.91972721100002
-30.89311492799999
-39.631121661
-15.103905079099995
2.3789498
-37.46695891680002
2.0837933
1.3906599
-32.69453524000002
-60.734846881999985
2.0853699
-23.426822977999997
-40.980018369
-44.515705473500034
-0.06830160170000156
9.814409970999996
-55.81501665590003
-3.948192852
1.7988322000000003
1.6217919869999908
-6.206770669500001
-14.336338357300002
-2.625395913
-33.62497584499999
9.238691804999995
-10.856372916000003
4.3108452748
1.8990346000000005
2.6961566800000023
4.007538999999994
4.844972
-4.536495259999991
73.61770889999995
1.6986092000000002
71.79693459999996
-16.6068924156
-18.431333286999987
74.34101940000004
-1.8718608409999984
50.05320025000005
71.93635169999999
-29.227521563999996
-23.823273172
-5.553093305000001
-30.728904439000065
-14.028678242499996
1.4995171999999997
-33.51811035460002
1.4700253978000017
-30.377251474999976
-48.1035898233
1.5988109000000001
-2.581436011000006
-5.7574609610000325
10.4779545
-22.552212386000015
-15.207774715000001
12.030238163599998
-19.87125598199999
75.04205540000001
-3.732413390000004
-15.823886676999992
1.393392531500004
-21.55395050400001
-50.28056750040001
-58.15249903300002
-44.79175285430003
74.4909343
-7.064598738000021
1.5974867000000001
1.4964867
-3.459626654500001
1.6996042000000005
-39.465254851999994
-60.868856080200054
-24.320279497000016
6.854553449500039
1.4962240000000004
-21.710968686999998
-25.902273782499993
74.34048350000012
7.682290871199993
-2.7522200380000044
-19.778067930000002
-27.612245508000008
-59.323146676299984
-16.410019539
-20.11846493099998
-2.6301264090000274
-13.193329007999983
-9.151987633999989
28.158453651000013
-37.97820826900001
-1.5434676190000067
1.4974083000000002
-3.809980805999998
1.4995450000000003
3.007207987000006
-17.731420893799996
6.707212299999998
9.236928199999998
-34.77683894900001
7.005580171999989
-37.36934710100001
-43.426545695999984
73.89117839999993
-2.8731107239999956
-22.340855187000006
2.0078916229999937
1.5989936
-36.72324959900002
-36.87168872499997
-7.8766624920000154
1.3992404
-2.885896894999989
-56.018106762999935
12.905401206000013
-36.551934965
-57.97771031299999
76.12458690000003
1.5992031000000002
-33.42272534809999
-5.91443366329995
-15.511351770000019
-28.030620471000024
-37.31761925
74.7127893
2.0854785999999996
70.48267479999996
3.8144068199999985
4.038604100000001
4.097029199999999
71.76386830000003
77.58526140000004
-30.479551638799986
-13.355351988700004
-22.718167827000006
-33.36801744141999
74.46510299999998
-5.72447146843002
8.265531238500007
19.172421477999986
-48.021051088400014
12.925171382000006
-15.817091462000004
-23.822053796000006
1.5967836
-32.56555386200001
77.351271
-16.38263226380002
72.67583439999994
-60.72781971920001
76.8197247
-57.13071751849999
-13.337469825999998
1.5991362999999998
-10.756497679999994
-57.0709944961
-21.468543941999997
-49.961017494000075
3.6433804330000013
13.108483068000005
-12.031010303000008
-26.050677347999994
2.92860390189999
-18.812786626000015
73.3058501
72.60966040000002
4.957400148999979
13.81246360400001
3.1221972585000506
-58.32594930640003
5.705170159599998
-11.219639131000006
-15.461158652999988
-6.03811242450001
-18.366105503999993
-47.05624343708999
-11.349415119000001
0.9124333630000091
71.9460157
13.448122039000001
19.902222410000007
75.40068989999995
27.77372981580004
36.003045611000054
1.6983104999999998
-57.581886394100025
8.552744649000042
65.25797039999996
4.320038999999999
9.661828820000034
-52.04974719500002
3.334279839000024
19.269874022999996
-14.045426568999991
-34.73525034000002
79.77721359999991
3.2096166120000023
-14.759941357099988
4.3936169
-13.121112406000009
5.3458292528000255
76.2230467
74.6674593
0.7876091900000002
1.0772889170000002
16.790453309000018
-29.734527679000006
2.0985687000000004
9.934361028200016
-46.002530327000066
-52.567774625999995
-35.347439679000026
76.55188220000005
-32.8171490336
1.4969347
-56.952837666000015
-43.660084141999974
2.31608852
18.601937199999995
-10.566233668999994
-51.399030616000005
7.5506206279999954
-17.669465145999993
-9.619851292400009
-3.5617623693999847
2.8242240612999963
-4.940207223000001
-21.771728209000003
13.101842403999996
-2.8168653409999966
-0.3404108989999828
1.6967969000000003
-55.19933541200005
1.6964512
-56.14242540489996
2.9717605490000043
-43.41683779700002
-32.563357029
-26.198170476999998
-55.51587783400002
-9.186524564999987
-43.990088842
4.863854185000009
-59.94620490578001
-16.70790218700001
24.6079478669
1.3906356000000002
1.3992915
34.45904398670003
7.427183400000001
-13.178002906000009
73.9812681
-43.81716679500005
76.10421600000006
5.772501769499997
18.850761100000003
14.328292210999969
-17.446078236879973
0.2663781199999994
0.4636303318000004
72.0509730000001
8.219338667
-2.869891455999993
74.43969210000002
80.02023709999996
17.772345866999988
75.95660749999996
-20.629998370000013
-45.779497545
15.158305834999991
74.84295300000004
1.6995210000000003
18.569947643
-6.794698510000011
-54.78196700299997
18.45185269599998
1.5989882
-33.518599402999975
-5.329401223000012
-2.218878983000002
26.07468336799999
-13.955665997000011
14.047548409000056
-3.3141094210000004
76.76479359999999
-47.54028242299997
-40.88456985852999
8.273936638
-1.4160253720000022
-10.589636408000018
-33.010230017
8.862030364000011
-45.09984736199997
-1.162086416000001
-37.439933422
76.25730850000004
-21.022354219000032
-8.198076271000005
2.09862
-51.768278840000036
20.422015299999984
73.61753129999998
-4.502478216000001
-27.90423352
-46.81867118999996
-3.211989267000016
5.7447054999999985
1.796745
-45.290669454699994
-21.96933854300002
-35.72332160199999
-20.471610126999973
-13.33071084100002
75.99995130000012
-20.76954422180002
68.99864579999993
5.462437588099991
17.459766842999993
-53.59777823900008
6.909992041000006
-8.6684420203
-19.354617766000008
1.5973568999999999
-9.746013112000007
77.35333500000002
-9.698021539000019
-13.241780526999992
-2.3351095679999934
4.820552191000008
-21.14263055700001
9.993728797999976
-10.16989893100001
1.4579843120000004
34.50171771400006
-53.34182766800004
18.208086659999996
-31.451771647999987
2.577375782
2.811220770000001
2.897893960000001
2.909801570000001
16.403517177099992
-42.58657453600004
1.8983941000000002
1.8993826999999999
20.25320250200002
-19.968151391999992
-34.436181093000016
-20.366612425
1.2529311800000242
30.280295920199983
50.81685408639999
-59.35870759070006
-4.3098168102000125
1.9990604000000005
1.3811599600000053
1.7800763499999857
-3.201922372999988
-8.168678885999983
-64.90998511070002
-10.405987300999998
75.80589470000011
-9.221528342200006
33.5025315158
75.36985569999997
23.656985184000003
-24.810944636000016
-0.9567118291299991
-0.6575292150000014
80.10700770000003
20.317813200000003
3.860486481999963
-6.435781701000001
1.9994726
-37.88959990099997
-1.2690052980000213
76.98610309999994
53.569663118399944
21.221112906999966
1.4934638000000002
-42.461976254999975
30.550929260000018
49.56644466699999
-27.74972360700001
31.19187030999999
-0.262071212
-21.738247547000007
-61.984144990999994
17.12630918099999
19.26937624400003
-2.430563207000038
4.436482309999999
4.509684879000002
57.158045800000025
4.981691877999984
15.626140948500016
5.052382606000004
19.279726868000026
-3.9797770450000076
1.5988465000000003
6.425026942500024
31.620149949999995
78.44390819999995
77.07586729999998
3.599128761000005
-10.744038711999993
78.06972810000005
17.492848740000074
-14.063356273000009
24.433493799000008
-3.0991685339999955
6.012157500000001
16.003368147000007
-1.3584902449999674
-5.363985002999968
-50.584244330000026
-38.134674476000015
1.4960327
-31.024989060999985
-23.687020049300006
28.330294767000023
19.857398199999988
79.53386640000001
-38.939589385999994
81.57148260000007
-5.641433365000017
10.015036784499998
70.98333339999996
1.6981570000000001
-7.44075041299999
-59.91070571400003
25.865720599999996
81.32762410000004
34.7242412020001
17.524799299999987
-10.446510207000022
1.9993326000000002
-15.229943237100018
-47.38800482999997
7.504946936000036
41.210078783999954
20.316556799999976
-10.206220686999986
-5.190173512130005
80.47810569999996
9.485913300000007
17.203168740000024
10.10419105289998
4.620836254000012
-60.20348923400002
1.4919244
13.385844436999994
14.540805062999988
-8.08106671570002
8.014039814000018
24.775233165000007
10.663932426599995
8.361766075999999
-1.1803579336800076
74.70469880000005
0.5456965469999978
23.647621858000004
75.92069039999993
75.52698410000006
79.78749220000006
-1.100290754999997
-55.51689976699999
-1.8655708630000054
24.58682694299998
7.574972333999978
6.2371672999999985
-29.67587765899998
40.97773041300003
16.24309410000001
5.5142133000000015
8.600643396600011
4.039997988000065
19.6304628
-1.0592092270000015
24.16973474099997
26.674822330000012
28.056808019999995
7.3100816459999995
-6.0058191851999965
18.351832964000018
26.282821199999997
15.920585541000017
18.418623415000035
26.325767562000017
0.07283117400002928
68.03979209999999
8.286778300000002
8.448835199999996
-19.087257735999994
-2.1627403229999644
44.22215623000005
79.45164560000015
7.0892230000000005
12.57364944399998
11.321099151199986
4.463504763199999
-35.78823689700005
-21.15198008599999
14.342650438999955
78.8132548999999
-26.909778359000004
5.253310899999997
-6.560848118999993
2.699409482000015
79.10216690000006
9.671034330000001
9.835120631999994
18.825012804000004
80.22931830000012
-3.0027348900000015
13.214461736299967
11.776117712000012
-15.806817823999987
19.793010938999963
-15.456593531
22.30835419999999
74.78381150000001
-7.322506864000007
-17.15795495499997
0.8112413109999949
32.54182909400005
1.6995705
76.9934073000001
1.5984025
77.90451499999999
-54.33499630700004
40.923879393499945
3.9696783600000014
3.941570350000001
3.9504816500000004
7.187467121999998
13.419772696999999
0.6913061000000001
-35.59422547699999
39.62848830699998
11.28853703
-21.863800577
7.041174888000004
74.18789519999999
1.8990021000000001
23.95801573069996
1.4920244
-12.576953983000022
-53.26827150300004
2.47597381400002
16.600272337
0.919153260999998
29.021631632000037
13.719984558700009
-51.15191128999998
4.903782829999999
6.3611906199999995
69.67149929999997
3.1546521197000295
-0.9303975729999908
-0.9931344949999902
-7.517299157000001
-24.175619273000017
24.3503348680001
-5.0920509500000035
78.30796320000005
80.75323429999999
27.648042787999966
12.346401710999995
-13.162484836
-23.24671743110002
4.234915614
4.676840800000002
22.674686500000007
80.67527840000001
7.9188461699999975
80.50337790000007
15.156058300000003
4.787861299999999
4.8162966
4.821148700000002
5.413843506999988
16.260583935000035
-21.03033528700001
11.791600363000006
73.79059939999998
37.729548534999964
4.880098168999981
80.75906679999999
-32.61908434700002
76.52841379999991
20.488363500000023
-4.2877221130000045
-32.52877515000001
-44.470321270000014
-7.943595544999991
42.264554951
24.425981863
7.620426500000003
7.6255285
6.469469271000002
2.889427173000001
2.9782573740000013
-54.645485827999984
7.768148135999969
-27.167664911099987
-20.678362407299964
73.90497940000002
71.88316589999995
31.703144048000002
29.859155427000005
77.93252780000002
7.149641579999998
11.308108921522006
6.3194414000000005
75.37858310000011
8.140130752000005
8.650797001179994
35.46729422900007
20.14392644299999
6.75430633
-21.62425127849999
-22.79418941299999
44.45144379999999
-1.124665564000011
1.5991904000000003
72.49326320000004
10.478368649999998
10.784540600000001
15.079274656
1.4358986550000172
77.7538618999999
-42.859226409
83.72134080000006
78.72210369999995
-33.461150739600015
7.5866088199999995
75.09046940000002
76.26364869999996
-24.67575670660002
3.5980667557999997
3.635619136
3.657260473999999
-19.358039523999988
36.560985700000046
0.4331413069999981
78.08400959999997
32.887665799999986
11.715589469000017
75.81650880000004
9.027964699999998
14.231588900000004
10.5362776
15.340987770000014
-18.850048560000012
-29.136558426999976
10.000210341999981
-31.367290314999977
9.60513662233003
75.31189860000005
78.23295260000003
72.04352920000002
10.889994742999999
31.56021628799997
14.360351000000003
18.633885742999983
7.447885820000002
5.351768983600005
9.859348743100004
-28.251886369299985
69.5960815
7.845902371999994
13.306716574999985
13.139668599999997
71.95917120899989
-22.43438226329998
12.685811078999999
10.619274944999985
40.66086555200002
2.914325929999999
2.867356099
12.582129917000012
-1.0815059180999878
11.764348639999985
2.068078663000002
2.312769273400001
4.042745008000003
13.700849027999995
-30.359326099100038
44.719025834000014
8.686959204629993
38.48611269739999
-27.022915035199986
6.721335333000003
16.574594745999935
-5.556285943999961
-9.309574895000006
-34.375533037199965
4.876730120700003
-3.5870262489999907
7.0720594
-43.377023230000006
19.580460500000004
11.452294800000002
-29.54758449169998
5.709847695999993
79.84934530000007
11.714754899999992
-12.85006752689998
49.607163688999925
18.990325066000015
6.633622394
-45.350218894999976
4.796822446300018
12.602828081000006
17.004705500799993
-19.8068213883
1.6983856000000004
-51.07255217069999
-10.146498572799992
-2.106514960999986
10.246063377400006
-5.486813803999996
21.040460553000063
0.8919094839999997
1.0768337550000007
-59.29317106490002
5.1347219
5.438210000000001
1.8993212000000004
83.8125717000001
79.3477329
40.5061454407999
0.7951328346000093
-67.16015714700008
25.0958617674
-43.9401408656
-25.076438699999983
-12.890758130100023
13.549398587019947
-12.443488195000011
-35.301662773389985
-26.157981483000018
21.2103615133
78.47248189999998
40.79929335300003
30.515273446000048
-2.0799639450000003
-12.442667022999991
74.0847618604001
-13.977140208000009
-21.46071599
-34.826930045999966
29.147559995140057
-24.140832807700026
-47.29190868599995
80.7709856
44.39945991699997
10.481109039600007
-1.0580609627999997
0.4740794659999999
-1.376806777
30.38067824840998
6.1141565
48.82495638245991
-24.693873432999975
-25.67693139550001
-38.861463067999985
26.829438560999996
-44.52453679199999
-43.102408884999996
-29.390310532000008
-39.467184923319955
-50.502663930999994
-23.512493918999997
51.977248100000054
56.04756254600005
-25.279321489000004
-3.111587675999972
26.15176006699999
73.6756236999999
20.933374892999996
1.9355851010000091
-26.2540105859
-46.93086707800004
31.732041684999967
6.1066681
5.208922700000002
5.257808900000001
5.399031300000001
36.16560798740003
58.83894690000001
6.2757217
1.7985708089999979
-26.15374612450002
69.78062109999998
73.30612880000007
-44.40672031099997
-16.293743260000003
-14.417577194999996
-54.82533274759998
75.85923499999987
4.435301432999998
23.8806566558
1.9987543000000003
52.123422184999974
-20.33150409299998
69.81689219999986
-50.23763591400001
-42.948513187000025
-23.694657277000044
-20.284390038000016
67.32051617999988
-23.621652472499996
61.28879721899999
-25.844563426000004
-51.41237443499998
74.11081920000001
10.251490911000007
48.53660312199995
21.864308870999917
3.6007854740000003
2.5061560239999947
-51.21577822799998
-10.857163670999974
-50.15239820340005
-41.65612233199997
6.3199970000000025
4.659459478000002
-13.516813987599983
-21.037382866000005
81.88992279999997
6.2994956
-47.74810792989999
36.919273659999995
68.7308636
-21.41644493369998
-5.511982139500004
14.412856156000053
46.018023369999995
-11.945179490000003
-15.148541653200017
6.253482572999996
72.942288531
55.143285099999986
-24.914795889999986
-18.007133991700023
-75.30261326700005
27.496088220999997
8.347868346999993
8.186524630000006
-30.373229104000025
-27.976065998400006
-58.65196572800005
-31.28152419299999
11.243492239999998
20.845560313400004
-25.19591584269999
11.227409290000043
-44.94729755299998
-1.5670417170000173
37.398118002899984
-49.82743000799995
-24.369545118000016
-3.5950718699999697
-22.164933057000017
6.1842416
-20.83577722399999
31.93403417990003
78.47079660000009
11.304787819999994
-38.908532133399945
-40.881481815999926
-14.672031068999996
-25.2778454971
81.21060809999996
43.202578541
11.841815332370016
-28.494809957999998
11.762533193399998
11.066284860000009
-2.5343477936000367
-8.63544111099999
82.45681140000015
-7.206649349000002
79.2515416
-38.54083152470001
63.768745638000034
-14.133557992000009
-29.655948335999962
79.66410469999997
17.171692676600017
25.944253611999983
-55.168004696000025
35.94856032400007
50.696323359500006
-17.8447953883
-1.9805422437999711
26.968400846999977
34.66124170850004
40.91143346011506
40.85938779999995
-32.14338124300003
-44.795136795
21.847544075999945
-45.17501417900002
33.45813503030001
-53.31818026399998
51.55020608339999
-31.98766669800001
-26.078833313000025
31.113288280800017
40.43211975100002
-31.99413729300002
77.5640346
45.80486676200004
-27.941558168099974
41.58512258999999
30.56606394079999
41.56795290000001
-61.236830644
3.7426314379000054
-35.04515315099997
-18.201551488899977
11.576188646200004
79.40315090000014
-39.74069158499998
-44.05209887579991
-8.164592932999994
75.17643020000011
-57.63842634830006
5.273049070600016
7.246518804339986
27.2475835
56.36470129999995
75.79832769999999
80.63827849999996
-14.413214277199982
38.584712536000005
42.34221472899999
30.495239541080995
1.9987667000000002
82.00711560000005
17.220497491100012
54.813837400000004
-26.706124821000028
18.440291235000032
-29.562062326999996
-20.655115131000002
-29.756105429999945
22.06592646175001
3.757666384959997
-16.103538391000043
79.79413189999993
28.404356848400035
-71.98471027300003
8.617509268
83.97173519999986
-35.48299314680003
35.72895000800007
-3.196795370999984
30.48057973539998
25.520382741000063
38.006605200000045
48.68792326820003
-5.358029810999972
-21.543988363099995
82.84186409999991
77.12562370000005
-50.00185606920001
74.48093790000001
81.75304749999998
-38.96430848909999
-45.38148906699994
34.85553965499997
59.098177700000036
-46.372447986999944
62.9026757
-20.725082209999997
-7.727899527200001
4.273906300000002
4.5168097
-20.246315978
41.61341077320007
82.14220250000007
-24.948167503699977
53.851735199999936
-23.075176744999983
24.616859790999982
82.47382390000016
50.346095723399955
-2.1022766880000003
1.69708
-31.799486779839995
-25.59998760500001
26.500022645999966
76.47518290000005
51.524990328999934
1.6990817000000003
-47.2528544443
28.63611279999997
15.946904149999982
31.19270606200001
-63.499157592000074
-28.4861533617
-25.454233438399985
31.212580890999988
30.354752554399937
-52.81517019299997
-2.3023023300000123
-37.14611647199993
3.986627400999962
41.32022368999995
52.15695120000008
-20.741691520899987
1.5517954710000113
47.97338272000003
38.829117014499964
-0.7924364810000025
24.114685971739984
49.160611194999994
81.48212330000007
79.27793379999993
-26.384242250000025
-41.673551628
-15.049299633000041
-26.392641587999968
22.28804637099998
-15.097873626900007
39.66113161300003
-31.12592913100002
58.18650863999998
-25.065067265000014
41.4389227435
72.72685489999994
6.573270700000002
2.0705387899999894
-35.974135053000005
-0.22472487099998933
-27.994004045999983
-28.77483449909999
-1.811092743999993
31.43572782099998
-31.090681620999945
55.59154263999998
82.60976580000006
3.5327506331999907
42.42376854600007
34.51193659999995
-48.328708125600016
50.0326826353
11.30756585500003
49.21193475500005
2.1094416450000004
2.16330796
-6.37314037800001
34.01326770000002
14.768962076999962
76.3328512
22.432020980600036
-58.44341408000001
-6.2627281689999945
2.7061077999999994
2.746294399999999
21.41909707849998
44.09483200600004
5.9840491999999985
-15.484354573610013
-18.9101762314
83.61830870000016
59.25299400510004
43.946572694999986
-0.4776271169999988
-0.46955663900000133
-48.14530038800004
-23.17875796100002
36.426229229000086
3.0513023097999996
20.591312817510047
18.826510283300028
38.265511501899994
-38.87743319600001
70.81253200000002
52.48303962599998
46.68348196000001
-50.089668257999996
81.43934070000003
2.640554639000024
-39.719758405700006
32.94310325920003
-1.5680433839999968
82.52108760000004
4.173911799999998
4.2431965
3.4514861
3.4250603000000015
3.4526051
-46.01827864150005
0.6284015850000194
-27.604838762999982
70.90767499999987
-39.93579996500001
-5.7556893589999945
-18.58560974999999
-15.821350534599974
79.29638190000006
3.321725488000001
2.7084742070000023
50.10800994199997
78.62348749999994
-27.49190725100002
-16.859791909000037
-26.495941986000037
66.00765987599999
46.99668610699993
59.508367899999975
42.87256259799999
-4.562761700300015
-38.41057381340002
67.45433069800006
14.807950615399994
-30.265274429000005
-27.43472343300001
-41.46416649250005
1.5990267
-9.375561713600009
1.5977619
-25.205998220199998
3.9503996
4.0936182
4.1378191
40.74901141099991
5.388556664000005
4.424955607999989
-31.536018561999967
35.183276460599984
42.396317748000016
0.26361713550000276
10.463560435000057
18.525063889000005
63.440766360150015
28.206376462800005
4.5890810093999805
19.93074490599996
-48.5549547440001
5.753990499999999
-9.386830778000009
-35.51336213300001
80.71897490000003
0.47735067400002684
15.025241795000001
4.360201300000002
4.494609599999998
26.49878211800001
38.16342820599998
82.52827009999992
83.44888410000007
82.4615354
6.574684700000002
18.067464799999993
25.251160871499973
-1.2599268522000084
14.36944972209998
2.3630093439999817
3.101587066999997
48.30045650000003
33.57577860699997
83.23397239999998
81.02528469999996
-14.999478843999997
17.48976549749997
5.476588100000001
-24.05535986200002
2.1986955000000004
-20.939640448000002
77.94167450000002
65.06229639999997
-57.33618160100003
34.68818076450003
81.76548359999997
84.54837659999988
35.766324612999966
3.3423526000000003
3.4882676999999993
59.069402878899936
73.60981519999999
78.26091179999995
-48.78338379299997
-7.193247651999993
77.42078719999995
78.9749884
50.024708900000064
35.78153925439999
27.13513757999998
31.249059158700053
-65.95128431100004
36.737987851000014
14.943279530600007
-40.02302366500003
50.05461019040006
20.919383430000035
-8.415390415000005
83.68343420000005
-12.116300474000008
-28.720742823999945
77.28412579999987
3.826532097999971
-8.968944328000006
-13.037023170000008
-26.531927799000005
19.924442922
-28.878745390000017
13.44468623299995
-8.488200543000007
58.36157816194004
18.495735088630013
28.876334924800037
72.79048650000004
6.30008668400004
26.417452704999935
44.49153393700003
19.859278530999976
20.418571469999975
48.25643304810001
15.860624877999983
1.6987557875000172
-6.50437025889999
-4.539132546999989
51.35648486399998
55.75766614100002
-17.363450460000003
75.23985570000005
-9.663158880000005
-37.929583427000004
59.400233343
-50.67677715300003
13.751712681000035
-16.454251584600005
81.79157180000001
14.4501393
78.88781820000011
79.85897599999993
45.997239142299925
13.49904142299997
-42.13887993800006
33.967048192700005
-48.24059470599996
6.2952137
49.83861576200004
-8.523357756000003
-4.933280791999992
51.26960619999999
78.76755300000005
58.48143732000001
78.32536859999993
-21.12243375399999
14.492500454999991
84.30499460000003
-13.003296615000036
16.60759508699998
42.41715086999994
-51.38323085600004
33.1973265
21.048155058999992
6.022306900000001
26.221060403000035
43.70986869999998
21.12684355470003
87.11275940000009
5.9559098
34.532521496999976
80.56188410000006
60.78114540000002
-3.940058521999981
17.701723302000026
5.406084400000001
5.4330279
81.41999580000005
37.57578888629998
25.689171974000022
25.645638099999992
-21.041692328000003
-6.240673586700005
40.47088576030004
52.13381837399995
1.9065492449999943
8.96156374099999
75.53391489999997
39.950600222199945
-0.04555826169999074
-11.598052612899993
62.99351752899992
-68.67155780399999
-36.76075932299999
4.9490072
5.0918358
55.90355566904998
28.486513597000013
59.714782099999965
29.46021880000001
32.82472559999997
25.161365145999994
49.80077428199996
53.26927640589998
81.35801699999993
48.919067600099964
39.20850942499993
45.86955585800004
-38.88082037420003
35.06691103649995
77.02035847039994
-19.434161243000002
0.19186335540000418
32.21989247270002
-33.41590128799999
-48.664180594000015
41.46506306359997
45.368568331100015
-5.642725985599975
13.862802781999994
62.6448985
25.76476979900001
41.87345800000001
-28.978629051000016
77.70834990000004
0.24264097670005208
80.86507910000007
-28.630516490000005
26.192140435899997
85.62500349999999
-54.640453738
5.777466674999989
29.151265100000025
2.7988341
26.322276034000083
33.65869509409995
49.85313019999999
-49.75675704539999
18.354089099999996
79.02561600000003
62.61547559999997
13.891049340000011
43.810459911000066
20.92377693900001
18.76785321249996
32.78537349999998
1.0193937773000066
19.76352120000002
28.70358574600009
82.82114800000015
84.34536499999997
-0.66264515290003
19.026822300000003
45.48583804400001
-4.817439782999999
-50.93225891299994
39.13279530939999
77.85831889999992
27.869968211999968
60.103622819000016
10.681248453999993
-31.102456941000018
79.49595769999998
-31.91779041500002
80.36165090000001
-28.588357855000037
-17.396451835999983
29.787115503399964
-22.21819596099995
28.37530871445998
77.30561640000003
-14.657774520000006
20.698407620899992
62.52173346
48.06445184279999
-23.08834821400001
41.92588532499992
76.75190540000001
5.849721000000001
21.783493145999994
77.09933940000003
82.15725869999996
1.4981910999999999
81.5857639000001
52.33369040799993
25.2719029722
39.199084099999965
12.01581298800001
84.1431648000001
23.546161733999934
36.1551921
23.226963749999985
82.24497340000008
-9.436698599000039
6.429557900000002
13.508246170000008
43.440310899999986
50.050312779000045
51.97112196400001
74.97735539999995
-31.600649806000035
-6.0916203826999995
17.462888571000022
23.58199405270001
79.53225140000005
-13.565955672000005
13.490225920129989
24.712485504499977
62.95638271710008
-10.099575508300005
18.67319093400004
61.81758494189994
9.362999549999984
31.863977699999978
26.972060934400037
22.03589359999999
32.307009137
8.133442838700002
21.230446091999987
59.2536292
5.809754800000002
5.941058100000001
5.833700499999998
32.156460099999975
31.04524297300002
76.65999179999997
84.13882039999979
72.19388179999994
3.5086836559999903
49.31359816040005
17.150564299999992
74.22962620000004
38.156025899999996
68.74560409999995
-19.466178914000025
-1.9531411988999956
-15.046567812000001
78.0750308
56.63447174900001
55.71806190000005
39.90586242500003
20.509729521000093
9.084060971100005
28.545659899999972
28.406069273999965
42.24098964
35.118813084000045
39.15415492149997
20.52022040230002
25.1082391
17.451697599999992
52.92008459999997
15.29468340000001
33.56230415300003
-28.30423851200001
85.04851730000003
3.3341322750400204
8.965535955999997
28.19367514500004
-19.435957616999985
-30.497275131199956
29.001634099999986
6.012981999999999
3.5721396210000087
8.048790151999992
52.05016490000004
16.928481492999975
76.15811260000011
73.58466570000003
67.89452959999997
-49.92423012700001
22.219193122100027
82.45474370000008
66.70413100000012
8.899412560000023
49.75206270119999
13.890660589300001
40.03670768099998
-21.907308526200037
56.428332854100006
20.245580178200033
72.61650450000012
80.29672429999991
73.56714370000006
30.205796056199983
28.871632355000013
71.26384929999995
60.40257742500006
5.255717803000016
41.49604074799992
73.69415960000005
-45.39743474590002
53.98185191900003
50.08282401999996
83.45589370000002
8.227501076999987
-39.139565624000014
25.71008621009996
47.70884329999999
84.3854624
1.9978126
-5.486322408000023
52.55383040000002
80.11799809999994
74.82648129999994
36.00722633600002
-5.155660493000002
83.07165650000002
7.641658044700019
5.236195028600026
3.675810228999998
-35.110094681
84.71526639999992
39.4565982
5.062783014200009
36.12640676269997
18.04517467529995
53.136288641699984
13.988596375999984
22.211266631700013
30.804636534
61.938314097
33.495806745899905
24.8433569
2.1129961148000262
60.490943300000005
11.500403491999988
14.012503028000001
83.15589059999999
40.25478651799994
77.8700129
36.273814564999995
85.13425570000004
46.89326424400002
-15.75779434660005
-23.645089663999972
36.041259793
55.87499449999999
72.9687875999999
37.98749249999995
83.72948760000017
3.218052249999999
77.44226170000003
-8.91815409929
9.714187111000028
-41.97691558599996
2.4993271429999986
81.29402480000007
49.38592550000004
25.552894899999977
70.97466350000002
73.78675059999999
-34.861924787
38.95256931300003
19.77525251399999
31.54816796630006
78.51642340000008
-17.423219800000012
24.776724800000004
-4.0222397899999995
72.54669670000011
-0.15720943399999973
15.783542765999957
37.32076165200003
79.54162269999993
78.84517660000012
35.75858700020008
35.26034490000003
24.287149766999974
-45.21776162499995
77.43651249999988
-10.966403474000003
2.2993038000000006
22.02277216099993
-0.378187754000001
0.06404143410000165
40.968796799999986
-0.9054532179999921
38.99400412489997
5.838733998000002
6.247036643000003
2.5921419459999653
84.6998509000001
5.815702229200007
41.66344099999998
52.63948860000001
53.05707847918
78.53537930000003
-50.91298452434997
-54.81043070300006
71.57195245139998
72.43710180000006
49.34427701530002
-4.224418439000013
55.34768873710001
12.127900412999965
-41.88602932000001
44.904954395999965
-10.182083028799996
85.43313110000005
-7.419760688000048
2.047430868999949
66.2437791
27.19153226100001
7.368749598999974
18.601512988999993
52.80741169999998
50.828449231900045
74.92338350000003
27.568580130000008
85.77218880000007
-11.243895975400013
-29.007742031000042
79.88457450000013
86.40683140000004
-59.74064095099998
-3.4669900620000185
33.30909609999999
28.716979644000013
49.149417899999996
83.98017280000009
-7.160505527000006
82.78152030000001
36.361844
-14.65970462399998
46.26053599599997
1.4330948387999936
-20.68561325609999
0.36257436569998425
42.420859760000056
79.00697920000005
-46.69212666730006
79.21043979999997
5.8354296
84.01910100000006
18.92963271200001
17.157475535999996
36.8451122
86.18515900000006
47.14320379700003
-12.98360777229999
7.022668772000013
86.40049640000002
-22.85437386900002
27.05701811199997
24.427217999999975
-29.274245886999985
81.1119612
33.1974921
8.063810732000006
49.87278827409994
-30.058773388000002
5.3385934000000015
5.407324400000001
2.1245021089999985
2.243081820300001
-16.114816247000004
75.47925099999998
-40.48823772599996
-15.520765741999982
83.13868919999993
21.12454802175002
36.22414049800003
38.83060589999999
79.66546490000012
75.115648
2.951743700000001
78.7903067000001
2.0992981000000004
3.5107525649999864
42.785402599999976
77.98849039999995
22.299987799999993
0.7569719124999937
9.283942725000031
5.1498892
70.77359369999992
71.94552910000006
71.48309529999996
20.139874822000092
25.982020972999997
53.89534134700003
26.038437369999986
55.0834971481001
10.721291282000019
-54.014817409399974
-19.253549417000027
48.194667799999976
89.99666019999995
42.97610230000001
81.1462497
81.86559029999985
83.26799229999985
1.4994990000000004
-5.559354099800001
23.269362300000008
-41.23586627599997
71.08840070000001
82.3932292
6.456748600600026
25.283869300000006
65.75553465200001
19.16690199120001
21.535196702000047
18.96297424499999
28.914780166599975
32.12055980960003
18.608360114260005
71.18522240000009
64.84780104730008
37.63738440400011
9.461365787000029
84.92034959999988
-2.8074325046000155
82.16917050000006
45.612245900000026
75.76851709999997
-5.4883156149999985
28.66949980000001
38.30935317009998
-1.5505920629999996
23.764037999999992
24.24168632699999
39.27495527189992
72.79620420000002
-3.5804996809999983
51.898895199999956
14.215287999999992
65.42409199999997
54.36800430000003
-13.017984687999986
16.290892899999996
81.40727400000009
23.041088500000015
1.6973345999999998
24.93374739999999
11.330706665000038
72.59708960000005
89.35793400000001
54.192442149999884
59.052289500000036
76.97849909999995
35.195601
35.25023010000003
19.4194717936
4.097717076000002
82.1631674999999
81.94647180000021
19.032063273000016
82.00225350000008
38.406112747
42.83976496500003
55.31015992999999
26.973799800000016
22.796770989999988
49.68015770000007
11.172339413
73.49991049999996
29.273833834999984
-16.98328190900002
29.92047337395302
42.81750763857201
82.27697980000009
58.361945600000034
60.21943119999998
8.338569075999978
-2.9843487900000025
70.07930890000006
2.7891045
2.8797913999999993
2.8978642999999997
44.907830999999966
22.67992650000002
38.8706633350999
84.33060380000003
74.26638269999998
24.369179290000016
47.047752888000005
15.406695110900014
23.098136099999998
18.875508794899996
3.097586067999987
64.73660009999993
43.308850400000004
12.809328200999966
5.420497199999999
1.6031937019999996
1.6027543410000002
1.5986608909999998
1.5970110990000004
85.71450600000014
82.35945039999997
2.15764723699997
82.57239069999996
-30.521028424999997
13.113910387000027
9.67812605999999
5.391040299999999
0.4410364590000388
28.789947899999987
87.30421920000016
-46.63762151399998
39.17027509500004
83.52788379999998
31.854070238999963
12.514980584000028
4.4045816549999985
6.467751025000013
-11.383824813999995
82.96454550000006
-4.241194074300032
13.242726000000001
28.97997436300002
-3.108344790000001
24.006337036100028
79.02232539999996
-8.443263704200037
63.22542910000006
80.71581799999998
4.481132869999999
1.6976295000000003
2.3427726
-39.70559066230007
31.119908299999985
16.150008883200027
21.602443799999985
36.90232223399992
41.69786341600002
-19.11889957900002
48.21257510000006
10.58447306800001
43.20302300000002
59.30987730000002
63.12095033999998
19.959052000000018
-18.863857941100015
70.47480760000002
79.92147920000012
39.65215894200005
2.2536534400000017
74.59233449999998
-2.288376075999984
44.324637399999936
53.58028175000001
-37.232876368
32.066746099999975
-8.771147785400002
2.797219454000016
39.794428203999985
43.03533916694
79.73748549999999
86.40363809999995
19.838091673759994
85.5069928000001
1.5994703000000003
77.01529889999992
-45.139789127
28.354439163000027
5.083471370000009
89.07328519999996
53.070644300000005
87.58572409999996
49.84187026000004
45.559903169999984
84.54408239999995
59.778505500000016
1.7602339987000015
-18.001367467000023
75.36124680000002
-18.682940705999993
62.23932524740006
85.83424850000002
39.74197300000002
52.1698218
26.7260105
76.30966759999997
37.58717042000001
64.71273779999993
46.67851529999999
42.59264811429998
3.1704347081999975
78.20845430000006
12.504211215999971
24.200549800000008
70.6575093000001
-7.761135076000038
39.974498959
30.585214683999983
65.74711259999995
71.42957419999993
80.34098229999995
89.81945650000009
51.42133549999998
82.18581789999999
69.37771410000005
83.99130270000008
65.36760330000006
31.352449744000012
3.3743271000000004
3.3814745999999998
3.3630405000000003
3.3773047000000003
5.726412124399999
27.56016930000003
69.81990290000006
-30.500373051500002
16.210565236700017
76.89986470000004
60.311007099999955
-11.109211084000004
27.307351568000048
58.335308243800036
32.82169218700003
41.165173100000004
42.00601925500002
69.9092921
19.995477333500006
13.794225099999997
1.0456255929999976
81.91371429999997
31.461091399999997
12.966918008999999
70.82939362923001
53.05738643999998
-45.565980004000046
34.4287601
-45.7736803576
87.52232130000007
-0.0498258955582193
20.314112127
67.96613689999994
84.46219840000003
1.250928272000001
2.286026647000002
19.482825278999993
20.031412171900026
-12.659219385999991
15.480519000000001
16.865982000000013
26.778468954999987
3.172170108000003
21.8930112
79.5288716999999
0.6089233390000239
-27.568108960999986
70.37181080999999
86.26092719999988
46.03274903989994
84.68826630000002
81.64582460000004
1.5968386
-6.23101360569997
49.1913566749999
18.13232705889998
-0.584941631000033
-38.15884368999999
81.48768530000005
74.5351886
-43.38929080400002
39.406892600000006
-40.108906378000036
72.24255599999995
8.098288278999988
87.63390060000005
49.087670300000035
-1.2476694060000302
81.15950220000008
-6.793248415000001
54.2800971326
-44.332332878
18.48774113699997
20.046652700000017
65.74904069999997
71.82516249999996
-48.95627821414002
-31.536721027000002
4.356055852999969
65.77699619999999
1.3152436950000028
9.916948781999967
-46.29092198600001
28.705683099999995
74.44930339999999
4.948726280000024
36.80428124040009
39.82138845299994
-45.57551635290002
87.67686629999999
-49.257490853
2.389600842
49.67280389999994
37.35656499999999
36.93204870999998
40.343762844
30.084022099999974
71.8661384999999
86.70087460000003
70.62807390000006
57.522460691999896
30.908231449000045
46.68486106060001
1.9987901000000003
-13.723580530000019
71.32251139999995
22.56093090000001
6.640403474999993
8.639891536099991
55.004570954900075
1.9993555000000003
-42.083271099000015
60.77884359999994
26.653266400000003
-11.121445317000003
85.00566980000004
26.938031878000007
80.69630209999998
49.51738740000005
82.32560470000016
5.793928440000003
6.034822540000001
35.902517499999966
63.06709720000001
48.56608310000003
26.169550151000028
81.87891830000011
8.93748126799997
0.4187985320000016
68.7456522
84.61749319999994
13.755165999999997
20.591478263000006
29.5976498
19.025059269000057
65.1669328
8.274375402999969
40.35618299999999
9.44764337480001
74.41146889999993
2.345199383
24.413802099999995
6.830118164700002
3.7319333999999995
3.7073518000000005
3.7038725000000006
3.6965919000000005
46.697618944999995
35.63823571099996
-7.072260115
33.319074300000004
51.09623151200004
56.43957809999996
25.74392669999998
51.51827680000003
75.43696150000007
55.976476899999994
25.259136799999993
80.73875209999997
53.26174269999996
13.851140500000001
23.28791570000001
27.63546742399999
56.596540299999944
46.874361008000065
-43.7657833252
55.31674190000001
20.375602272269983
84.63361610000007
74.06993430000001
3.3140484529
34.591325900000015
69.70055780000004
22.8318606
-4.953227577000048
55.2612486
9.580039243999982
46.32192449999999
-5.125637126999997
6.437444412099997
43.96183367019996
85.41423260000002
-48.75015296500003
67.6500773
13.860719500000002
25.388033500000002
5.92375287182
38.43029639999997
79.69885980000002
31.63519958
-17.567051532000008
21.883669979
72.01125189999996
70.72537650000001
76.24377709999997
-8.410605113799996
80.91611869999997
-33.81331503800001
42.81251501399996
89.85802869999996
29.239739300000004
20.208133078000035
75.58807999999998
68.42846110000004
-46.542087849000026
58.51892950000001
22.252505200000005
68.81097210000004
44.6481341
32.751525199999996
85.19119639999995
-33.71404353199998
22.20610539999999
56.197754545000016
0.2042727920000003
-11.566858834000021
64.581604
48.18142250000001
-24.336534810000032
74.27671110000001
-5.67326118099995
10.310325905999955
35.1472839
60.91216639999996
12.803041542609991
44.92220798800004
42.16267420000003
-20.737688146000032
5.957290100000002
79.88525999000002
76.56654569999993
24.83757238399993
35.58087049999999
1.818887718999954
12.836314840500004
54.68088939999999
4.360217673599989
6.631068080999999
39.894245199999986
57.13445080000002
78.55594230000005
29.776244711999993
69.83434049999998
24.806243199999994
77.48408881530014
-1.4044157439999707
52.41748320000002
48.146418000000025
3.7008002430000064
4.422850470999982
48.907355399999965
-4.1741132049999985
12.676591076000012
20.144517700299993
76.50430319999998
69.4841726199999
75.37057868699999
-30.90272156800003
47.4266096053
-6.036509599000002
76.41775914000003
14.1006838
-27.424978462000073
-49.382111382599994
7.396777754600004
43.95511297790002
61.52177013099997
67.53877279999998
73.46906100000001
64.45197059999995
-20.760344024000005
10.296641696700007
58.20568430000003
-28.240295844999956
64.31331377799987
61.49806785000002
61.94736499999994
-51.44879515029998
83.65651860000003
68.72135819999993
59.777761806999976
21.949216299999993
72.73329109999993
49.32109461675997
17.011748674300012
4.863192599999999
4.8683634
85.3582196
1.4932021000000002
13.498048139000009
1.7991297000000002
-16.482001941000018
15.820640059000008
36.95301650000003
80.22570203800001
-15.423648525000024
35.90712150000001
86.51940710000011
20.208135100000003
-8.57078601000001
-44.99953932199999
-5.755686572999998
-40.305560512999946
-8.331045016999996
0.7204548931000015
1.0078369630000004
-0.38275384700000326
2.3984241999999996
62.452033100000016
12.743462084000031
41.11065265900002
37.65377060999996
54.03644251000006
74.29040160000007
27.245832300000025
67.9915459
-20.441648919000027
-29.965289950000006
32.512496100000035
4.323850037399996
-19.648547174999976
42.54791255600007
-36.017676234000014
16.353136138
-13.904515318000017
74.1789855
81.62986860000007
59.64408986860004
64.72071811000005
28.26732167999995
40.462613100000034
-24.417966480999986
-55.47526311399997
-16.930470229600036
72.50191170000016
6.669301753900025
86.85015979999994
63.85820399999996
70.22899859599995
30.299475195
-10.044809293200014
33.99946600000001
-51.95324896585
26.918115954000008
82.58100830000004
4.762855300000001
4.8190554
4.841201400000002
44.0734904
-47.152553980599954
84.6694181000001
-0.254311588699978
81.85543079999995
49.87487889999994
-49.39215940300008
12.053252026000015
-44.99042665059998
82.62296140000004
20.550179600000014
-38.802711304000034
18.49824106763002
78.84751790000006
1.9989493999999999
7.165815480999993
70.79081850000003
12.848240896999979
85.83796459999995
-8.677049859
-5.058308831400009
49.22527044499999
75.29687620000014
73.55239660000001
50.945665099999985
-8.992523416000008
16.179617600000007
4.118504766399998
4.039744064299998
-5.8450381400000335
77.89770470000002
-29.63955131800001
86.3664217999999
87.81597399999988
-38.98075135999999
2.5287548999999996
2.6023593
4.219829900000001
4.220448499999999
4.218919800000002
9.749798939999984
15.792624628800018
81.99296930000003
8.163898235500001
0.09534891170000061
20.1943842
44.237039200000055
31.56488625200004
57.786293895000014
42.57198010000001
76.68702760000004
27.585650261000037
53.34662590000004
18.922216396230024
8.367462598062005
-7.587595087800003
87.820928
68.51084601700003
27.613411400000015
51.50078799999993
28.65672611
-42.089064962000016
85.26582460000006
67.01179730000005
-8.040604379000003
63.65053470000001
-1.8754077347900011
-1.7967789629999995
-4.330845013000001
41.340761199999996
79.14614630000001
82.69109939999998
7.421918085499985
40.64185750000002
9.137348199999993
9.222821799999995
3.8034932999999995
3.7904911999999995
19.42051680000001
27.989482444999958
81.36835699999996
11.243078079999997
39.211068116699906
31.362695339999984
83.6886532
84.3974512999999
26.758610899999997
-11.938138358899973
50.59107650000002
62.79095609999999
85.41784040000005
40.91234344100001
22.64097142599999
1.5716378610000046
-30.05609097700002
73.41810129999996
89.2031524000001
15.207077223700015
47.444581600000035
-18.863124355700027
-28.181836000799986
45.010962696200004
32.616944173000086
65.21355999999996
25.099919000000014
46.06251569900003
15.498995439999984
2.3421223800000015
2.4563560000000004
24.40462589999997
15.40862386810001
15.723331560000014
24.87812179600001
63.21582109999998
63.842407929999986
7.642770000000001
29.370226449100024
84.88434069999994
-41.33070293300003
7.895278806000011
56.36296983800001
61.26416249999996
67.18404799999995
-19.880439790099995
3.0225267990000013
58.93385670000003
65.80872970100005
17.65403476880004
43.267155033200034
34.32074709680001
12.640035535999981
-18.247418735000014
73.53632100000003
-10.882075017999982
68.46089000000003
-39.04926010539997
57.573613100000046
68.5405242737
38.73858817799998
22.744069354899977
81.86027440000005
17.988899373000002
86.83827470000001
-8.827666216699994
61.414421000000075
84.36281089999996
81.10949240000001
84.72860830000005
45.018195120000016
83.32093660000001
45.680600629000004
74.58376780000012
84.19841240000011
35.22494540000001
-43.95394897380003
-42.714822914000045
-24.8095191
70.88046270000011
10.591211299999987
-19.512534056000035
2.2968392000000004
34.00849921249995
31.44083181999998
30.492226400000025
-9.55059479399999
-21.729771128000024
53.38820088229998
19.78412975620001
89.57648849999997
14.0626649
85.04099679999992
4.034836772200003
68.40649049999998
4.8417614
4.857331300000001
4.8631433
-2.212783007000006
10.488037027000004
71.55056230000007
58.43664002799994
88.26899650000007
8.065529560000002
82.65236940000001
79.32206040000004
76.93647540000009
76.27210109999994
-44.41179441399999
78.72267739999994
79.23774380000006
30.92522770000003
17.014951808200024
84.10842890000005
22.36884189999999
80.10593830000002
85.67629519999988
47.309873800000034
46.51224909999997
76.61659280000002
7.312121629999998
40.9159821169299
-2.229143614000001
88.5166711
78.47625549999984
25.4069835
-20.939794454100014
13.832841799999997
9.714573140999997
-32.00241764900004
71.6678818
52.572915599999945
83.50071180000012
21.9823914095899
51.11091179999995
74.75266920000001
72.19349009999996
41.067217359999944
-2.9003126390000005
53.342754199999995
85.16187330000005
5.356931069100007
4.0517198
-35.742191832000046
3.9560241000000005
68.56046320000002
12.745934290999989
79.24363930000001
74.21654769999995
76.65249799999998
34.36561119999999
29.6799448
83.91258189999985
77.76150020000004
28.94575259999998
22.322691400000004
-16.01937880670004
53.33461880053705
-33.27355496679997
87.3169734000002
83.20079380000004
12.077183460999967
-13.387450185000022
82.53549639999977
39.720331
5.314756700000001
68.6989607
-37.51445685399999
34.56861224640003
82.23393509999998
17.84718548000002
1.798494
63.20293980000001
-14.195574091000024
23.95385215400006
70.33264279999995
85.60355929999986
-39.84741104000002
73.70856679999999
26.643194299999994
33.12527479999998
80.77230310000007
73.12426029999997
55.057894399999974
46.126561999999936
57.25255726
-3.042938737000001
40.811851999999966
-7.257608861780021
60.24663880999997
81.75682119999999
37.66476860899996
-26.828419829999977
49.160944600000064
25.285515699999994
56.296103820999974
9.271655641999997
51.753160900000054
4.773746871999999
-46.42616773199998
9.200514600000002
77.6922493
61.53222869999998
-1.2675689349999943
74.43253280000015
1.5418982600000006
72.35682910000001
1.9127569770000001
87.69874120000009
60.412022400000005
-46.95994293000001
74.78365540000007
81.28334080000003
29.868744824099995
17.646545655500002
24.191107110700006
2.789522951000001
34.08540319999999
24.58163123599998
66.53392032999999
78.29221189999997
20.163727500000007
87.51169809999998
56.2839254
24.600579915999976
44.390762496000015
69.0457598000001
0.021251512999997668
78.93439830000003
-7.449567425999996
-4.021254624999986
20.992327220000004
-37.46537840700002
75.28174140000013
8.24941022
61.31028000000003
-5.492295715400021
53.55099219999999
19.229425390399996
61.59161920000001
59.452797300000015
39.50390779999998
55.199127296000015
-4.531327178000003
35.00020446999994
82.02534580000012
-24.444979790890002
84.70440000000019
7.6134655161
30.379333623000008
77.17805229999985
32.77581580000001
66.48275279999993
83.66227770000012
-2.70660628099998
74.19018909999998
71.87982580000005
88.81597610000013
33.412401100000004
2.698907600000001
18.308277981
-1.4986627000000003
6.894553719400017
27.117991241999952
85.62017049999999
61.06087139999995
9.419044319099976
88.03198070000003
35.65762200000001
-28.435815679000005
81.43983040000003
-2.5733494470000053
9.920755036999996
27.48476520000001
-27.976971661000025
-0.8935140970000206
88.21794520000013
48.48017179099994
30.955869089000082
59.33329603200005
29.99743398869998
-22.834830115000006
32.18835544249997
35.43845820000002
77.89466719999997
72.43101449999997
66.19949020000006
-0.4799376229999769
75.47132390000004
74.26988759999999
79.98551959999998
-4.171588073
-2.9822536317000012
84.69453270000007
31.83759684999996
41.909776499999964
9.637906899999999
85.32664139999996
57.46557781200002
72.45616859999998
84.43663760000018
45.19469889999998
55.163858452999946
81.19060760000005
24.548127100000023
59.044543000000054
-46.00561993700001
31.211746199999997
8.255409753899993
-1.2907201020000334
59.25547846600003
41.123172390000036
82.71331090000002
-31.330705175000006
-13.421926888459993
16.797244589999906
5.799628229
-49.21625800199998
5.5240513
5.559070399999998
18.866173467
27.450404000000027
76.60869749999999
-16.468556428899994
-35.69312597179994
54.01421769999995
-21.189953964000015
70.57349379999997
3.4505323999999993
3.5127299
29.526520500000004
74.41173970000004
60.99994380000002
83.57894510000001
42.10464133200003
74.49621080000001
7.495886471999998
86.66381989999996
76.74478410000002
57.34934160000006
-46.58831148599997
71.68473969999988
32.635151599999986
5.361364500000001
-12.57865658769997
-13.735159563000003
82.45100130000012
-43.40186087470006
88.96698099999989
-52.79812149300001
87.42794150000002
4.914027107499949
88.50785899999994
56.61710530000005
1.6744388300000004
55.438304222000035
71.16084400000008
-47.374717547
72.64852659999995
84.63431039999999
85.27995940000007
25.44579579999999
17.16490306700008
-5.852692997000011
85.47264610000006
10.439343418520009
22.587049818999972
5.54443
-18.686645426000027
40.9601314
63.392991699999996
85.11299180000005
45.72838189999993
24.733271699999992
64.21207060000002
79.27222440000006
30.308712300000007
-0.5201536479999991
-0.5669349449999999
28.0649442
88.94237090000004
84.69862259999998
85.93814190000015
20.007062109999996
72.39963079999993
77.22243979999999
74.30143260000007
16.707808224999987
-30.263045221800002
27.35886900000002
-6.544921042999989
78.06780429999993
53.29451009999992
-25.745774804000025
44.16075279999999
69.98332469999995
68.71029110000006
43.72859889999998
75.83117560000004
23.60189588950001
13.810903557999978
85.14602820000005
20.698022100000006
27.198458000000002
79.12463240000002
38.02951592899996
32.1919044448
56.43708110000002
82.9066878
80.0167545
62.48082920000005
21.940617611000043
59.15283850000004
-7.765142686200006
1.250919799000001
1.3191587099999988
-3.685847336999955
79.07137269999997
-4.837598004300016
80.45663920000007
-12.412712558899978
20.038893800000004
63.01373050000002
71.9656351
81.39465070000003
-11.690150693999987
44.01558310000004
66.2380474
5.532357599999999
92.49687600000009
36.69578276900001
-4.255610489700002
70.02910779999999
70.9122673
15.353441334299976
30.14793626700002
-24.317433514799983
35.39061820000001
84.63421970000002
37.81170298900001
-25.944443620999973
36.26172599750002
-50.737190126999984
75.70992889999998
1.3837123970000307
35.82414049999999
-0.5601212869999951
68.27949439999995
74.85427409999993
63.71079140000005
17.38887196919999
-14.260687565000005
56.49731690000007
46.13618609999996
30.013245625999936
-43.84548188300004
52.85895800000003
88.14953749999987
87.43285660000002
28.78882299999998
24.39283914100002
78.09233090000001
-46.941766127100024
-27.635738202000002
-53.06568683700001
20.44976030000001
0.595197342999999
80.70422220000002
87.38601719999984
-27.781187894000006
78.88551080000008
86.047026
4.903490027000033
31.489870035000042
82.2522939
67.78982490000011
-39.35087740120001
-15.351403718000004
65.72100669999998
-20.558049100000005
14.646515217899957
73.6870938
-50.20363606800003
54.015421700000026
50.609039838
-20.176975057999975
54.18638609999999
88.67688600000001
75.39484569999996
25.841635900000032
59.68474790000005
5.545980000000002
20.970711152000007
48.087370774
89.19755330000005
89.32566299999985
85.12898050000007
-16.239545821510024
72.07906829999993
37.9749857
74.21666899999983
24.88390229000004
80.17987560000006
42.321837818999896
45.232707008
83.86355160000004
-31.589371902370008
51.43080740000005
76.87322300000011
69.87094520000004
-47.03893654600001
31.066046679999967
79.61833960000011
74.26920459999998
5.721065900000002
5.639139099999997
5.6460514
49.21417919999998
-16.39758120160004
1.799514
-7.434326205999989
35.29020438899993
14.598656199999999
84.42362599999996
-45.565753795999974
20.59547699999998
56.4084037
45.34644859999998
-27.15332722299997
27.200165613800028
84.82067400000005
86.95560200000007
66.85148289999994
57.80496459999997
3.5988607999999993
3.628605200000002
69.63223909999998
46.89940350000002
77.3908544
1.7495702900000039
87.66225510000011
49.315425499999975
-2.550137492999979
42.72568039999998
10.995032464500035
30.940874100000034
32.416966965
55.26922019999997
3.4638044040000002
10.046484203000015
3.4205771729999563
80.62424400000005
74.84912989999994
24.00038989999999
47.5198242349999
57.43490699999995
80.18631200000003
38.93891320000002
-49.716586617000026
-46.28288871500008
8.064401448000012
87.08100750000007
13.426895272999978
30.517833494000026
51.747702500000045
16.766959950000007
51.067307400000004
86.13857620000003
3.0802956
3.240258999999999
78.26162610000004
48.91364654240005
82.55465159999997
-11.537203741000026
-5.111354565500001
8.958990233
79.98288820000006
-0.906521843
81.83339560000009
84.20536909999997
74.2823999
22.00649650000002
61.30329190000002
81.94382489999992
-0.09701026399999
5.4555962400000055
5.676660379999998
54.225824561600064
-1.6776113209999997
34.88908029999996
86.51010660000006
79.01603420000002
68.89623900000007
22.384592841999996
66.80142675000003
84.7754610000001
6.2194192894999984
-27.120929762
18.627858
2.75663712199996
84.78838079999998
77.31498879999997
85.72934919999994
31.35508622000003
77.29608259999993
72.02742779999998
52.98300792100007
39.677392299999944
77.4346702
-0.00341670499999926
86.70255790000002
34.80606061799998
-48.999808763
19.625710296999973
84.83990880000005
70.36440829999998
63.96168900000002
-15.312267913700008
-26.181788462400036
84.42993410000004
44.23154060000002
79.64700290000016
82.74859189999994
81.55106199999999
54.01248779999998
-6.254192673099999
19.525143887000034
58.620441499999984
82.10104910000007
15.828877966000013
0.3257394139999893
42.91683660000002
91.44860320000011
55.982114249499965
88.62811219999996
28.657214399999994
49.84088570000001
81.77139359999985
4.489270200000001
4.6104132
46.15913099999999
30.533924280999994
-3.4580761449999997
29.507846149000002
-19.783932611799983
31.736895139200023
39.01362580000002
8.3477975
85.24668260000007
84.6066158000002
90.97940589999995
63.42405130000002
47.495839800000056
72.7635099999999
-6.582829774799959
-4.658099910999989
25.728992299999973
84.98426899999997
81.90268130000001
16.36085725420006
-3.349767122700022
24.753674597999986
1.8994552
18.6103805
87.33499809999999
63.09163739999999
72.55934009999993
64.6532926239999
72.08517010000004
82.79814509999991
24.61438680000001
72.52097020000004
32.61515759999999
-26.90559330200002
17.89327405910002
85.63727280000008
61.70363860000001
37.93076229999996
4.8395691
4.838796699999998
4.837973299999999
10.72392712000002
46.36409660000004
2.2081924297000093
87.87384330000009
29.82386345099999
37.7197482
66.2452546
89.48922670000009
81.4030081
49.685309360000026
2.0669866049999928
70.4054519460001
29.821976699999972
5.316236400000001
5.311815699999998
-14.129958925900015
56.3453925
83.39739779999998
83.11918849999999
44.17201087800003
61.34261389999998
51.474241899999974
-1.0302839300000004
38.020870799999976
33.21260070000003
87.16993430000015
48.808792800000006
-11.85922741400001
1.6918138999999992
1.7063346000000001
33.25752758299998
31.03663648760003
82.36940360000007
75.92240459999991
10.407923992099956
39.547171033000005
74.41600530000001
78.72504589999994
-1.846262543000001
52.17387969999999
89.05402940000008
37.632878499999975
71.75521909999998
28.9717120680001
13.440236483
54.743909099999975
9.027881096600005
53.974241199999966
79.90989940000009
62.99957059999997
76.5415007999999
37.43051068700004
38.62143119999999
58.52381660000002
75.38513180000014
45.46607980000001
52.81349570000001
48.21772070680003
19.08539827600002
86.44948349999979
89.06789999999992
54.18251800000007
88.13192429999995
81.19846649999997
-24.623558579000008
66.7152671
0.19236690639999454
21.859277782000063
58.75885048400004
-26.24079126639999
72.27061999999995
28.991573697999968
-1.6956535739999892
33.169508900000025
31.90007900000001
8.257347099999997
-45.470849572
31.53473030000004
55.51468040000002
-37.71215837099995
-2.1773222560000116
28.060059099999968
6.960918079999999
75.30757300000012
-8.691142679000032
-10.70617509640001
8.8523425
68.06643859999997
88.47025839999995
39.19751740999999
40.03356630000001
41.48754949999994
87.34262569999989
42.770633899999986
70.26320899999997
74.63396889999997
-26.649785092400037
47.45364494209999
74.58579449999993
50.19682028099998
-25.535767111999988
17.807722100000003
84.42798779999993
32.102996499999996
83.91350329999996
13.704363547000003
17.465775770000008
66.39490100000002
72.64241499999996
59.075765300000036
69.5947805
-45.29027317720002
22.90525139999993
4.835107700000002
4.8428154
85.7659354
49.02073478009994
-27.222728530999994
28.06444280000002
-24.44368513869999
54.92590875099994
76.79552289999995
9.213386899999996
35.967291399999986
11.856121805999997
2.4032046709999895
-5.861834437319974
24.747540799999992
-3.7934259129999996
70.98689229999991
28.348380207000023
42.79066618600004
33.18434429999999
53.87615860000001
3.5449101000000005
3.563348599999999
3.5625839999999998
64.6046259430001
-27.214285209999975
3.726589699999999
3.765401399999999
3.7744762999999995
62.95387869999993
83.6081954999999
69.17396670000012
3.395017599999999
20.184137354999972
-23.898592448000006
85.68523990000011
-45.751594208999975
4.166137061000013
24.505035500000005
66.17868020000002
-34.342328419
8.067556119000004
37.35896399999998
9.071396478609953
-1.120621696
2.014037678999991
-49.246090825999936
31.559573996999998
41.32472869999995
32.47805316850001
83.18759270000007
66.50154360000003
73.11544900000004
85.31729989999997
87.15663410000002
9.185709168000058
7.821289300000004
80.40060099999991
-4.635520684700016
16.19357906820005
58.27630713000004
87.04273600000002
54.800092599999985
74.35538380000001
80.24213820000014
-27.542410175640008
15.167317918600004
81.35736980000013
14.79192571399999
35.17118828799998
37.167091300000024
-26.884873361999954
46.85719119999998
-25.583322461000012
-43.359965291000044
47.183345200000005
65.91644309999995
11.362340399999999
6.570848692999997
33.11402045799997
85.33595069999998
-5.471522050200006
45.69479639999997
12.581223485099999
45.343868052999944
83.73539069999998
-46.81653218699995
-27.466069929600017
78.65254490000004
34.58271563400003
40.42981987729998
14.609431669
73.90427189999997
81.98649839999995
23.811635499999994
35.50124539999999
73.95429650000004
88.4554894000001
22.422373392000004
23.84367359999999
72.76558580000005
33.62832299999999
28.914045585999958
22.49279479999998
84.81926170000001
58.222897300000035
62.747249799999956
26.380960346553017
35.25499390000001
67.23867540000006
-27.43289520100002
29.89736216899997
25.46525896849998
68.98562210000006
84.85269580000002
83.36853991099996
75.8141908
-29.089714790000016
-16.701947006400005
71.79132610000005
78.32523939999999
71.35236130000006
42.42596790000005
71.24740310000006
43.66544600000001
-27.062275865500006
85.44608830000006
71.91308720000005
49.32030547299999
5.1672150494
66.15469959999999
45.16971109999999
-1.091124671999966
-6.476587103900011
26.172509280999982
83.75400009999989
10.904880400000001
25.30387755800002
71.9064603
27.176328176900007
77.59909859999998
-26.490299327099986
62.13318390000005
91.06160219999994
88.69798429999999
82.46113269999995
74.06525149999996
41.380277099999994
79.16735230000002
86.62355680000005
21.793076091000003
12.148625700000002
14.125793200000023
-2.778753199999999
-23.12393684599996
0.41046591800000015
1.4934374000000001
68.51218980000004
84.22955609999998
83.1585149
83.12553680000003
13.663712799999994
70.15911900000005
34.244976705000035
1.8981877
-6.2431847869999455
67.86511170000001
86.62619799999992
51.24412539900002
53.523761999999984
-12.387650663000006
-29.198429379000007
47.015423591000015
-1.604158870999996
83.40623560000004
23.913356500000006
82.59965769999991
20.577713931000005
87.21257119999996
56.25005812299997
75.60836049999985
79.62441230000006
66.42154803299995
22.72595590000001
-5.773457482999982
5.987138068400004
18.662240247000028
16.674636191999962
11.635727348
69.72441620000005
-38.19442608800003
77.32310659999993
73.56168829999997
77.25249859999991
19.5957001
84.2820750000001
26.085910539599908
38.184881999999966
47.144995172999955
74.9707745
47.126594200000035
41.524515400000006
84.95419959999998
31.08022979999998
3.5548954000000004
3.5498117
-1.8768312130000002
-1.8851345909999992
65.13772559999998
60.88902453759992
58.36520880000002
55.437795500000036
64.27741160000001
-27.595010547999994
80.40649510000013
12.790549855
61.6297012
27.678559800000038
3.4594488185999936
75.36608609999993
34.87523649999999
74.36678359999998
53.61500070000003
8.485575401299991
-4.9910330730000005
83.67431909999996
59.30504120000002
71.94834280000003
46.466527300000024
77.54637310000004
82.04969040000002
2.489710125000015
54.22326090000003
73.98471969999994
6.69603721
50.71455081100002
0.8155110369999851
87.11946650000006
64.20814006000003
58.24936520000002
46.72447038800007
-6.360994066800037
54.53742729999999
77.7434056
12.01768209500008
10.328110667000002
73.43524179999999
80.05933070000005
10.85249996100002
83.24628330000006
78.39306959999993
44.3450595
83.11397190000005
30.36111929999999
71.10666950000001
34.33147459999998
68.86399750000008
23.05959711099998
83.84607779999978
39.49412962200004
84.57254340000003
12.829142460000007
72.62348959999994
-44.089352411000014
15.997357767999972
23.05908890400003
-10.776014459500026
52.5859726550001
80.97837429999997
85.64607510000003
43.801202999999994
73.54918039999998
60.28969734100005
75.57868530000006
4.2431667
4.277836500000002
4.288241700000001
86.95400579999995
8.488397926000031
76.56089429999997
76.16127220000004
5.758740300000001
-40.18694872399998
5.7176992669999445
89.10468719999997
-13.340949452000007
-20.76553713199999
-50.151085020000046
87.07210460000002
80.47271160000012
31.599274331000107
38.77400310400005
65.61466010000008
15.77111501199998
6.2719268650000135
38.84979129999999
34.830130700000005
72.82529870000015
-43.328632357999936
27.055223098000006
81.56112000000005
38.83969112700003
61.47351325300007
76.02318589999993
-44.75051158499999
16.490675700000008
3.2818181569
3.2687770760000006
3.2556484130000007
46.051027623
71.13130680000006
38.380940284399934
83.09101809999994
86.63029859999999
49.85424379899996
66.27431817400006
-49.849682230000006
84.85121199999995
23.547984799999995
52.78022500000003
72.05212524999996
12.833177899999997
5.4708375
76.9016227
93.72106659999989
70.738079424
56.1798637
3.417098533000031
59.13307810000002
-51.27602895299998
-41.28790607699999
50.83176599999999
83.07625339999997
51.679770065000014
66.3486934
79.89305739999996
80.60076010000003
66.26091849999992
67.49344909999996
80.6112547
52.31688960999998
42.907498323999995
24.900254901999993
92.03914179999994
52.448758400000074
11.456376659999961
26.164463500000004
73.6101508
85.16653070000008
3.5109716000000013
29.63498049999999
61.635358868200015
88.83127250000011
82.22806305000005
7.8136047000000035
12.172175424299946
72.96825750000002
38.94087987380004
13.530414234099949
69.84859559999997
48.895821900000016
84.62120080000001
85.87915309999998
33.95572701500004
-0.8829772499999992
69.20235849999997
86.33614450000009
1.6343982999999997
1.7292297000000005
1.7460146000000003
-4.380661811300065
-0.35134621999999915
33.05659948330006
80.11020159999998
55.14462193799991
-27.00600013400001
24.079483960999955
83.29676469999994
78.59290219999998
5.655223300000002
5.6669769
5.6737363
87.50925530000009
13.14077752399998
-30.048226164999992
61.09717740000002
52.763310939000085
65.14347716299987
23.002266500000008
24.891274100000025
86.45264410000009
31.87827667399998
43.31507410000002
22.151934151999992
59.03727120000002
2.0993519
3.939748057700018
79.34488729999997
73.40136090000001
29.438749169999934
35.90809831149993
-70.63810425100003
79.20446470000007
-21.278282801999968
-45.251719286999986
7.438866695800003
12.543612689000044
81.23164519999992
61.32924953737001
21.8972756
32.68104785030001
5.266476499999998
29.49245419999999
69.07696099549987
35.95461669999999
-30.66750986500002
12.227816759000007
65.97536189999994
73.05174899999986
67.10690279999997
45.690676499999974
83.00596089999998
-59.08631020499998
12.598149599999989
4.048668051999976
