0.007183803
0.01076548
-0.023649972
0.005076238
0.0021039066
0.009287138
-0.0012626152
-0.037069127
0.015315953
-0.017945077
0.009311969
-0.0006838407
0.008373448
-0.058533926
-0.008888679
-0.007293947
-0.008124513
-0.0088856155
-0.037350755
-0.02546384
-0.027240703
-0.032228846
-0.09213513
-0.051826067
-0.040971905
-0.02838788
-0.10918475
-0.037850153
0.012506476
-0.03574932
0.026182223
-0.025594618
-0.0005630661
-0.02424641
0.029999694
-0.016898217
0.006799963
-0.034375742
-0.020246169
0.0678851
-0.015192952
-0.04532971
-0.026977753
0.037233166
0.0506885
-0.047665402
0.039602686
0.029562974
-0.0069394642
0.07287698
0.0072611826
0.07008167
-0.028371096
-0.026227213
-0.13146034
0.029558564
0.05028957
0.013080784
0.21315674
0.08606346
-0.06896011
0.14519739
-0.002728709
-0.05687782
-0.054762226
0.07234666
0.06338397
-0.13356028
-0.0013264857
-0.0071381754
0.008617533
-0.08634895
0.094771594
0.067579664
0.077035695
0.03224451
-0.021894539
-0.054119617
0.08320331
0.012500027
-0.08910038
-0.10889724
-0.044254698
-0.17338917
0.092275284
0.092398085
0.19110171
0.06648379
-0.013586347
0.14327678
-0.00084321195
0.10565611
-0.042520612
0.11113003
-0.061271843
-0.22527093
-0.063051425
0.38208228
0.18714833
-0.0097066285
0.02812092
0.047153942
-0.10616834
0.08028693
0.010658927
0.112360284
-0.008347412
-0.012130131
-0.11966438
0.028461102
-0.0037505373
-0.06661242
-0.08423946
0.19422378
-0.11217676
0.045882877
0.11221718
0.15656488
0.18272226
0.11087423
-0.07420952
0.16609074
0.07995745
-0.08078609
0.23518488
-0.3400056
-0.1307581
-0.12015371
-0.15992394
-0.053517427
0.16101517
0.49525273
0.044490736
0.09905812
0.27398366
0.47737417
0.3645711
-0.06513439
0.26748136
0.4350135
0.27709192
0.51538306
0.20883915
0.24385902
-0.0072305775
0.21768975
0.24753758
0.12284008
0.21476604
-0.30106744
-0.11547871
0.17927891
0.1715665
0.30111325
-0.046523627
-0.11456576
-0.19559897
0.020620653
0.049401373
-0.08129406
-0.07603862
-0.20161617
0.08691877
0.3278773
0.0421037
0.35014197
-0.008040372
0.05926558
0.2034717
0.4352011
0.5052156
0.32579768
0.07766622
0.20469366
0.117515616
0.68604344
0.06921031
0.22304459
-0.23444052
0.59007996
0.41552398
0.49419114
0.5114012
0.48046583
0.0602736
-0.0047367336
0.29054856
0.41100362
0.07633342
-0.019581603
0.4879573
-0.22299837
0.5256521
24.589169
-0.12949221
0.591492
0.3913092
0.10250117
0.13151203
0.36372
0.43050247
-0.026663456
-0.0011056792
-0.1349791
0.31890032
0.36487475
0.107928455
0.3111662
0.5294278
0.09594161
0.19173849
0.17728673
0.25027204
-0.081778646
0.14886224
0.13609158
0.056418613
0.265177
0.12662914
-0.019230781
0.7241358
0.12792224
-0.008025551
-0.7531073
-0.050213512
0.15069671
-0.040836055
0.20040652
0.7430128
-0.13581283
0.5120623
0.6344876
0.11415724
-0.035934065
0.12092162
0.33825645
0.49178344
0.37179673
0.04448588
-0.005881295
0.4221853
0.0038623104
0.16565496
0.0086644385
0.107672475
0.4625489
0.22155063
0.1458826
0.07952382
0.008751914
-0.16736446
-0.3005416
0.22087157
-0.22968087
0.25714612
0.5836975
0.56282526
-0.097477734
0.061085604
0.20834039
0.124785714
0.4570706
0.0036047364
0.6620775
-0.34346256
0.7478823
0.780337
-0.30227363
-0.056540903
0.1839576
-0.4642808
-0.06738837
0.2562791
-0.16098253
-0.4752927
-0.023027353
0.072147846
0.10866055
0.3760882
0.31426984
-0.034189902
0.21312234
-0.1503048
0.0021810045
0.055526208
0.29222712
0.15236497
-0.499077
-0.3980189
0.12104001
0.088922225
0.19965479
0.45154777
0.20970097
0.55086505
-0.09574268
0.13573974
0.31615317
0.16890198
-0.007734049
0.30128178
0.38157445
0.30237556
0.58485764
0.24007447
0.290835
0.0029386964
0.051586885
-0.08004829
0.039609857
0.22556986
0.24999937
0.7564731
-0.08149375
0.0027882503
0.08331357
0.5919849
0.015541534
0.21710344
0.44084045
0.38109732
0.47008136
-0.78425556
-0.5094985
0.08097038
-0.035505395
-0.28285497
0.26393473
0.41456938
-0.02635239
0.052574307
-0.073060356
-0.1717715
0.18137139
0.24676028
-0.08777863
0.34031108
-0.18476433
0.015659926
0.53884435
0.24022816
0.46971655
-0.014463807
0.11625859
0.20502071
0.2845505
0.0842796
0.37538087
0.08091385
0.12855564
0.22907269
-0.05663981
0.4501338
-0.12603246
0.4307587
0.43005067
0.4419527
-0.15741774
0.32806686
0.32792148
0.35372186
0.05170143
-0.30741313
0.08203227
0.07776775
0.29931834
0.24855156
0.058710452
0.2905319
0.0860229
0.13418402
0.32941863
0.05802481
0.36401993
-0.30477902
0.79983604
0.1855873
0.6759119
0.23854662
0.010212642
0.19640732
0.3927931
0.21311384
0.34361953
-0.107677646
0.12821484
0.14214347
0.056058306
0.017221617
0.16294384
0.032394547
0.40724227
-0.011004174
0.1277839
-0.17950833
0.39582327
0.011425055
0.019208882
-0.49353376
0.19232921
0.10992337
0.033735503
0.28694424
0.26573396
-0.003907957
-0.11323565
0.37043816
0.082680516
0.056663156
0.13574316
0.40718967
0.23463124
-0.09498306
-0.021997329
0.59714323
0.022385238
-0.13326971
0.37906307
0.6352316
-0.034412537
-0.13238317
0.16666536
-0.06087276
0.32769963
0.032210704
0.14666145
0.036462776
0.46071288
0.13885093
0.122462876
0.34774637
0.2663018
0.16527276
0.12861086
0.43918106
0.039968457
0.36351198
0.47671846
0.4000157
0.04947556
0.18736081
0.011686901
-0.044377796
-0.03528218
0.28132662
0.38300997
0.31705797
0.29489073
0.003885717
-0.26251328
0.62423736
0.6926549
-0.05298711
0.3772829
0.18902618
0.38572487
0.06267072
0.25627553
0.28006223
0.16835709
0.58461404
0.14473893
0.26609373
0.25339103
0.2640462
0.08188322
0.24238381
0.25489718
0.07569928
0.6683819
0.47315735
0.1028637
0.6626623
0.52269095
0.19749424
0.076213755
0.106022
0.0015232799
0.29248208
0.0681662
0.15509106
0.17456968
0.24052443
0.33205807
0.2682311
0.4546699
0.23518446
0.12518863
0.23416156
0.2907084
0.5132069
0.5107403
0.09737955
0.075348556
0.6824423
0.31480652
0.77067405
0.2601269
0.23475128
0.21635586
0.21277171
0.5877467
0.30723283
0.28729066
0.29449195
0.20168155
0.017355226
0.23169726
0.16575564
0.17625786
0.1438828
0.2856787
0.19778489
0.1864751
0.4629393
0.07041805
0.21974955
0.080752514
0.08264738
0.5049365
0.42179158
0.6393615
0.1370925
0.16893688
0.15420775
0.041164637
0.3545842
0.18924439
-0.03558107
0.5421519
0.17790274
0.5191678
0.3185598
0.7356042
0.05414464
0.47488528
0.29570225
0.09342019
0.26730224
0.32614338
0.017861465
0.3545915
0.30198413
0.6774642
0.5616474
0.56793046
0.04266182
0.36335054
0.17552422
-0.0015155076
0.26207542
0.0880896
0.34060538
0.023528328
0.60700357
0.22209032
0.3289608
0.16228245
0.23066692
0.45111498
0.22713514
0.17454745
0.68512434
-0.16507998
0.40298703
-0.110091604
0.57622224
0.056767017
0.4147363
0.3388815
0.25221002
0.29789406
0.26665217
-0.06456765
0.5187576
-0.00965343
9.608007e-05
0.08996011
0.3961965
0.25457928
0.036108684
0.29706243
0.11240361
0.08567452
0.4495112
0.37702265
0.23265105
0.5929628
0.43904617
0.2947037
0.4396009
0.28282258
0.32982665
0.028903775
0.3758378
0.39411548
0.45246497
0.35371685
0.5776715
0.30994096
0.4426176
0.28008246
0.44667152
0.08839607
0.14708304
-0.06779323
0.43124813
-0.34356114
0.27337694
0.05496981
0.29939097
0.2644812
0.20492907
0.31927502
0.0815227
0.0012798714
0.4903411
-0.006617713
0.0004176884
0.106131665
0.4096732
0.19524048
0.093102634
0.48891917
0.090923026
0.23997504
0.10463523
0.36620823
0.17042787
-0.0079562515
0.30067423
0.33422297
0.40786576
0.17878738
0.08140831
0.5102041
0.059349306
-0.05535772
0.5580752
0.3256969
0.47211066
0.08555094
0.28203923
0.3333504
0.23040356
0.14055426
0.09668362
-0.024550054
0.19684412
0.27456477
0.119189404
-0.112475276
0.4177023
-0.044337764
-0.079689324
0.08398299
0.34860104
0.13630705
0.10045297
-0.060147814
0.08823162
0.08290394
-0.01793051
0.081782915
0.063771844
0.13501747
0.21727334
0.10098287
0.23185381
0.02252203
0.090704724
-0.037020415
0.27471486
-0.04733648
0.18456902
0.107439846
0.17766896
0.16103275
0.10664598
0.7687613
0.32593253
0.46088234
-0.039267287
0.09999139
0.50313085
0.27100864
0.20417593
0.5825146
-0.015462644
0.20606214
-0.025081882
0.23763025
0.5231942
0.20622368
-0.008408992
-0.07792728
0.46650073
0.05523055
0.11416658
0.19951494
0.18563506
0.11589632
0.4217295
0.25247148
0.29560027
0.5530439
0.15645686
-0.08307589
0.4586512
-0.035608627
0.16589503
0.17936966
0.63483804
0.49942002
0.20239562
0.14100583
0.2507258
0.2114771
0.64746034
0.16283655
0.46618527
0.11900866
0.36219814
0.5560176
0.21360405
0.40335977
0.11929502
0.12825994
0.03395582
0.73152465
0.1681253
0.24677445
0.43581718
0.3803681
0.37426746
0.1551176
0.7541328
0.36887637
0.28943813
0.47985414
-0.1871079
0.19065349
0.30911663
0.75002277
0.104533635
0.1889492
0.14968987
0.4108702
0.37261903
0.45687455
0.62994444
0.18398003
0.2776096
0.54828656
0.52255476
0.22270542
0.6054529
0.52339673
0.15908013
0.46308914
0.08891049
0.10397777
0.23508285
0.61192733
0.048916217
0.41138265
0.02438142
0.5305023
0.53095686
0.23409025
0.51191103
0.20357895
0.5463994
0.53024524
0.31884718
0.16591635
0.43373778
0.058004092
0.28174964
0.36987853
0.5356408
0.27536994
0.090813175
0.28482872
0.1782226
0.18656366
0.45177343
0.10506867
0.028976982
0.09865259
0.06153917
0.6279582
0.5393984
0.535595
0.0030743107
0.7420462
0.79412585
0.03639536
0.40164593
0.5029538
-0.07294198
0.2878321
0.18647596
-0.021702617
0.11286922
0.53600085
0.0052236314
0.114826106
-0.20949568
0.3170152
0.15719406
-0.11133325
0.34848624
0.18803309
-0.091874905
0.24690835
0.018702155
0.38934717
0.113562144
0.47636715
0.4404013
0.32506293
0.17187104
0.003811037
0.022916984
0.025151031
0.035634317
0.53289014
0.56682324
0.14603814
0.5356274
0.066767246
0.2810952
0.16201197
0.3285574
-0.23136038
-0.035924096
0.012679493
0.15593073
0.05092081
0.39637887
-0.0014122783
-0.21544956
0.0026643192
-0.04595797
0.051030338
0.17730932
-0.004431937
0.08833692
0.3792522
-0.050970428
-0.013670133
0.3535283
0.35034603
0.043884378
0.011869234
0.23491333
-0.007060612
-0.2258826
-0.08654552
-0.08663214
-0.18784831
0.07311827
-0.16571535
-0.39577574
0.40367103
0.03844766
-0.11447519
-0.22032619
0.009407417
0.021867502
0.31925738
0.40170145
-0.0323756
0.0018980596
0.08738602
-0.1291593
-0.12548824
-0.17127973
-0.018309396
-0.13422547
0.03471312
-0.031700667
-0.23266792
-0.029342834
-0.15172215
-0.13899346
0.09719108
0.44035852
-0.2539259
0.08072593
-0.04873403
0.33065164
-0.16046646
-0.021528052
0.037470724
0.38136178
0.0352929
-0.12017966
-0.1368031
-0.048062634
-0.04271759
-0.086103916
-0.16498393
-0.13132739
0.14833686
0.40378955
0.37861842
-0.20411396
0.20742548
-0.080765985
-0.2052577
0.13888676
-0.06630721
0.29446617
-0.18028216
-0.111903876
-0.100379124
0.0009482781
0.11181577
-0.08575773
-0.07022511
0.03762066
0.1188201
0.22397232
-0.28875202
0.38970563
-0.103914805
-0.12420849
-0.059271347
-0.274634
0.52605164
-0.21861957
-0.22920015
-0.07075155
-0.0066297343
-0.13458109
-0.1746293
0.15946437
-0.0037425647
-0.45407963
-0.14913307
-0.0044349036
-0.13895854
-0.09489383
-0.067972966
-0.16638508
0.19664726
-0.064322405
0.21045965
-0.08167939
0.1343374
0.5400335
0.041985624
0.2457451
0.006804416
-0.348709
-0.22375835
0.09467577
0.03595099
-0.0851544
-0.057050288
-0.058155812
-0.28475255
0.20529215
0.15485214
-0.16368727
0.31677905
-0.0130189685
-0.30922082
-0.0744597
0.0982361
-0.16018222
-0.14550427
-0.23473473
-0.18157235
0.120720536
0.08322269
-0.037582606
-0.019377071
-0.016604269
-0.009061347
0.04459221
-0.22009248
0.06461238
0.08784074
-0.054084845
-0.13026732
-0.15975778
0.14933345
0.30019873
0.0028856099
0.05394889
-0.06817363
0.07681655
-0.5700483
-0.015157374
0.052257862
-0.24937424
0.07536807
0.20433936
-0.05764016
-0.12067774
-0.2456979
-0.049396943
0.01026774
-0.05620688
-0.24117634
0.0121425055
-0.2089349
-0.22359307
-0.3379191
-0.20904747
0.3403671
0.24782884
-0.27991644
-0.1682749
-0.18280444
-0.23715706
-0.30908418
-0.38168642
0.3399646
0.09125978
-0.23700932
-0.37828547
-0.09091389
-0.27019447
0.005142343
0.5075151
-0.23172966
0.34201038
-0.34126166
-0.07367332
-0.2958182
0.021384778
-0.16850643
-0.22223815
0.108332634
0.054957453
0.044088557
0.050228544
-0.12687263
-0.08191956
0.033969074
0.029872905
-0.54252
0.05981322
-0.3190697
-0.26994684
-0.23055024
-0.04974878
-0.49695644
0.40896586
-0.7137257
-0.28456122
-0.40376183
0.04948018
-0.2741311
-0.19041948
0.36329463
-0.038115446
-0.20742494
-0.08869559
-0.044857223
-0.05525085
-0.26002464
-0.30691946
-0.022147404
-0.27936286
-0.44757664
-0.36090252
-0.7340054
0.48418647
-0.5393908
0.062837526
-0.2623651
-0.63882834
-0.47685903
-0.14465329
0.31853873
-0.47442183
-0.039643705
-0.030395694
0.052051138
-0.09101107
0.29445446
-0.23393674
0.10977619
0.10847618
0.19424897
0.24957536
-0.07383963
0.06299007
-0.08720938
-0.40425688
0.07199751
-0.051331464
-0.68564504
-0.1867503
-0.07391465
-0.024078285
0.62630934
-0.6077547
-0.15572694
0.3899861
-0.13927989
-0.025690878
-0.01911969
-0.026387164
-0.0492873
-0.41066068
-0.33579347
0.045137376
0.3046941
-0.29037967
-0.7634285
0.18659802
0.02755052
0.16815104
0.45768952
-0.49472743
0.1716267
-0.0900613
-0.018016279
-0.08989695
-0.09315485
-0.5276995
-0.4603394
-0.48725304
-0.17682894
-0.4197602
-0.054857176
-0.35179543
-0.30749634
-0.17693685
-0.09146452
-0.2439728
-0.0053590513
-0.23502617
-0.37082157
0.01892751
0.27710986
-0.34940547
-0.6673196
0.19285409
-0.20606846
0.0216264
0.08828243
-0.3669753
-0.1453057
-0.2599736
-0.21013834
-0.23518181
-0.5899078
-0.53154105
-0.4820304
-0.5425109
-0.27137697
-0.50515836
0.08502805
-0.16918366
-0.32277983
-1.0689496
-0.3205084
-0.7024951
-0.32219082
0.23684746
-0.48792288
-0.12930298
-0.62167597
-1.0573555
0.08911172
0.43459854
-0.61101377
0.30335712
-0.9861935
-0.4239463
-0.24765527
-0.3497053
0.15800044
0.41775817
-0.8405342
-0.33862215
-0.014468167
-0.34629053
-0.15960488
-0.14767598
-0.99300295
-0.48574892
-0.1807788
0.26048183
0.91731435
-0.13378963
-0.24569692
0.3501985
-0.42960498
-0.32813624
-0.31670737
-0.024683813
-0.33579224
-0.22634897
-0.118741065
0.30848578
-0.21559355
-0.66333765
-0.11184372
0.09827154
-0.7381564
-0.8588258
-0.52892345
-0.4561114
1.5634526
-0.06318764
-0.7824115
-0.6562533
-0.020489749
-0.5987446
-0.2841368
-0.79641634
-0.13477917
0.06109677
-0.5486875
-0.31034988
-0.8638017
0.26030627
0.25917935
-1.009604
0.29213035
-0.035764903
0.16168371
-0.59346664
-0.62499195
-0.7870766
-0.026139235
-0.83391553
0.6730205
-0.6982324
-0.42574948
-0.2565669
-0.8883677
-0.14235374
-0.6673079
0.25426182
0.094245404
-0.5677331
-0.69107115
-0.34147555
-0.55037004
-0.049785905
0.34687942
-0.4377897
-1.0997272
-0.3481349
-0.4500424
-0.48434114
-0.32120267
0.6649871
-1.0540044
0.059201293
-0.26744497
-0.30617473
-0.6646712
-0.6937363
-0.295146
-0.4119065
-0.7741413
-0.14975171
-0.5324196
-0.7289842
-0.45913363
0.46621865
-0.75165254
-1.1593432
-1.2906686
-0.90673304
-0.7383278
-0.42498577
-0.48466483
-0.9100159
-0.5530446
0.34581807
-0.50953865
-0.38798314
-0.7819024
-0.9076519
-0.9636831
-0.5950209
-0.92425126
-0.15156646
0.2812211
1.0524722
-0.57458127
-0.9719993
-0.68088526
-0.11312458
-0.65386915
-0.42638084
-0.6910843
-0.318652
-0.89322007
-0.5640686
-0.5366718
-0.4207593
-0.24959858
-0.7857912
-0.647189
-0.971222
-1.117054
-0.17188792
-1.1786357
-0.5611137
-0.733299
-0.4967247
-0.095117904
-0.7095153
-1.7242686
-1.0651605
-1.0426884
-0.5966013
-0.8025005
-0.65475637
-0.6985689
-0.6686132
-0.44792452
-0.91134435
-0.15569101
-1.6803758
-1.2367387
-0.52418905
-0.35153344
-0.55690694
-1.2465069
-0.86930406
0.5325177
-0.38044333
-0.390603
-0.684966
0.33487436
0.38411185
-1.5412145
-0.78681034
0.1128458
-1.9796547
-0.61198324
-0.7383982
-0.33897915
-1.9161259
-1.4659437
-0.4871663
-1.0012752
-1.3139312
-0.26799545
-1.1642855
-1.0980157
-0.25720355
-1.0600337
-0.49471867
-0.5944909
-1.1011571
-1.6410885
-1.0126667
-1.575861
-0.6270584
-0.44143304
-0.559419
-0.4154126
-0.5325469
-0.48675442
0.08947763
0.6766421
-0.70021325
-1.1140225
1.2371042
-0.99252266
-1.3738961
-1.2322464
0.52528393
-0.72708106
-0.2705481
0.37786317
-1.0627888
-0.53605855
-0.16951337
-0.01959442
-0.49323103
-0.79889935
-1.1935115
-0.8002586
0.08998286
-1.1033374
-0.69089955
-1.2007556
1.062342
-1.003403
-0.8965514
-1.3110111
-1.3650551
-1.1304426
0.5941195
-0.8679743
-0.8702314
0.16184466
-1.7735881
0.23414308
-1.4442976
-0.53578496
-0.076798536
-1.2184812
-0.6928656
-1.0365603
1.4411283
0.5657066
-2.042382
-1.5154023
-0.76898295
-0.4586251
-0.5262821
-1.237811
1.3148502
-1.1749421
-0.99719924
-0.55060834
-2.4007363
-1.0336579
-0.5882872
-0.9218636
0.015442104
-0.8994618
-0.5592079
-0.73454976
-0.31080857
-1.1753958
-0.3661271
-0.62078947
-0.9244975
-0.7798448
-0.061699286
-0.41077134
-1.1132487
0.05019536
-1.5478418
-0.6827689
-0.87480444
-1.6121874
-1.6489209
-1.384357
-0.36422086
-0.4852257
-0.049051527
-1.8104637
-1.2083821
-0.7796838
-1.4289252
1.2530314
-1.6494108
-0.22423136
0.6707318
-0.20197804
-0.34459427
-0.8284065
-1.4546192
1.3313786
-2.099325
-1.038825
-0.1436551
-1.0576556
-0.8122243
-1.7887611
-0.6080641
-0.42993468
-1.5168086
0.11888972
-1.3464586
-1.3599846
-1.7220366
-0.0884625
-0.5144986
-0.269209
0.16684014
-0.23811424
-1.3343312
-1.2439883
1.1693348
-1.4485754
-1.3884709
-0.47163755
-2.8921225
-1.0894992
-1.5472513
-1.5660679
-0.09262271
-2.1457717
-1.3970072
-0.5667475
-0.41958648
0.16660307
-0.7169283
-1.0076989
-0.046093363
-1.1566995
-2.3815045
-1.4223421
-2.8879476
-1.6599866
-0.6953223
-0.075792104
-0.64874774
-1.146046
0.47620356
-1.8240533
-2.70944
-1.5033431
-0.37301552
-1.1120347
-1.4238021
-1.7298651
-1.6155006
-1.8194575
-1.481325
-2.7064636
-1.1974463
-1.1815561
-1.8772359
-1.4836578
-0.16659185
-1.5244547
-3.182089
-2.4190247
-0.84398776
-2.0310442
-1.8152918
-1.563702
-2.0531013
-0.99389654
-1.4333211
-0.44778425
-1.0784239
-0.08627574
-0.97207594
-1.728708
0.31963453
-0.7676502
-1.7434996
-2.649985
1.578426
-1.6560706
-0.35152286
-1.7310579
-1.4522799
-1.1745299
-0.41802058
0.8339074
-2.7009625
-0.3943301
-0.18120885
-2.2547505
2.9182174
-0.17079009
-1.2366551
-1.0861099
-1.9884472
-1.755441
0.21274139
-0.7490026
-1.1485571
-2.901274
-1.2835674
-0.2028258
-1.0590361
-0.3648692
-2.5418613
-2.1982555
-0.06636639
-1.0452425
1.1313637
-1.1510457
-1.5084152
-1.7408556
-2.2308547
-2.0585136
-0.8343209
-1.5655764
-0.88942206
-4.404906
-1.5261128
-2.7726657
-2.7635643
0.9742785
-3.4715295
-1.8953499
-0.5000821
-1.0942643
-1.105985
-2.1495638
-1.0454091
-3.3958404
-1.0327688
-2.7315814
-3.7788591
-0.10148214
0.23577972
-2.9393096
-2.318837
-2.7291265
-2.6352437
0.70029664
-1.7949598
1.3013374
-1.0891434
1.6375687
-2.0819814
-0.36631843
1.9144825
-1.6312504
-2.0247653
-1.9033427
-0.93779975
0.44895303
-0.35256115
-2.4604194
1.0033488
-1.5447493
-4.0525093
-1.1094431
-0.8169676
0.9251601
-2.0204022
0.5688369
-1.3310516
-2.8493264
-3.497767
-3.0559943
-0.6889029
-2.0751338
-0.8527361
-1.9931724
-2.9023292
-0.8879917
-3.3902512
-2.6431289
-3.2294939
-1.8269268
-2.0331094
-0.47473803
0.87647974
-3.940482
0.24960662
-1.0278689
-0.49297228
-1.77699
-0.28964543
-0.1963981
-1.1658562
-5.5866404
-0.63881487
0.37655836
-3.0022879
-1.5054448
-1.8575097
-2.1343684
-1.7264627
-3.3316283
0.28264564
-1.3497144
-2.3255477
0.5794386
-1.4668293
-2.781461
-1.633596
-1.2721123
-2.2487159
0.32008988
-0.29232046
-0.3598101
-0.59483117
0.024714757
-2.7653177
1.8240855
-1.7835736
0.5814546
1.2780882
-0.6317316
-1.9359763
-0.016941493
-1.7637562
-0.005859009
-2.9075568
-1.0354888
-0.9039773
-3.5816545
-1.8993984
0.63897514
-2.7600193
-2.613233
1.467101
-0.7084705
-1.5268108
-1.7814858
-1.6046902
-1.2411156
-3.399913
-0.3648784
-1.6736308
3.0202024
-1.4028894
-2.4221816
-1.4840523
-1.3533789
-2.3043578
-3.8306952
-3.2509835
-3.0759342
-0.5453265
-0.5440514
0.9964627
-1.5940752
-0.54751503
-3.220212
-1.9221073
-1.6873105
-0.33336803
2.7137203
-4.636225
-3.0306318
-3.049081
2.6763115
-4.0705476
-1.4441084
-3.5357363
-2.574029
-1.8753659
1.2825799
2.398399
-5.0851727
-3.3849227
-0.4442492
-1.2740213
-4.402607
0.13412133
-0.36164176
-2.3688343
-2.110361
-1.8603663
-2.5027637
-0.34412378
4.8065042
-2.2725446
-2.2890995
-4.6210756
-6.1373496
-4.494172
0.5715278
-3.0766196
-2.4116945
-1.264824
-1.1431292
-2.4653208
0.40638983
-2.4957209
-1.7301017
-0.5010959
-2.598163
-4.260511
-0.050126143
-0.4046624
0.71704036
-0.11921615
1.4037098
-1.2472718
-4.4008965
-1.817574
-1.335567
-2.6520443
-0.99709404
-4.53233
-2.7439408
-2.1919413
-3.940007
-0.58373487
-1.4048696
-4.2423787
-5.4572473
-1.7091736
-1.8916575
3.2151196
-0.38105974
1.3289866
-2.1971862
-5.3623204
-0.9730942
3.0387912
-1.9522825
-0.5600418
-0.29743627
-2.1707108
0.9366469
-2.2179585
-0.91446
-1.0142865
-3.4544451
-0.45943058
-3.6288881
-1.6987104
-5.863915
-1.799471
-3.0099397
-0.7902771
-2.8380399
-3.3008919
-1.2235421
-2.717229
0.71269953
-0.60416776
-0.91519284
0.4731167
-2.2028441
-2.078161
-0.5184596
1.022833
-2.7086556
-1.4610349
1.6198004
-3.6765163
-2.329386
-4.7090197
-3.7262328
-4.5709696
-0.8077838
-0.58921146
-3.7615516
-5.3112836
-3.8481977
-2.6681092
-1.1095994
-1.2028413
-2.5356452
-3.0251493
-3.1753817
-1.9462384
-0.72807586
1.3518405
-1.7176815
-3.3131142
-4.050112
-4.326051
-3.1303968
-1.9869756
-4.3856163
-2.2059414
-4.4483843
-4.134331
-3.2621403
-4.457686
-3.4357638
-4.361969
-3.5061705
-3.507582
0.8247107
-1.2298741
-1.5580714
-1.9416251
-2.7272537
-2.8049185
-4.52431
-4.8854074
-2.4416628
-2.8577836
-0.37311718
-1.363792
4.2893677
-4.447772
-3.0717986
-2.3767438
-2.9341633
-3.6408784
-0.067545034
-2.273152
0.29294437
-4.660105
-0.6364697
0.27125433
-5.671056
-3.0279567
-0.19164722
1.1646327
-1.3569192
-1.22947
-3.7769535
0.75096506
-1.1303816
-3.4257588
-3.4064395
-2.2856486
-4.5282345
2.3689728
-2.4270837
-2.8655238
-3.7211103
-1.9687554
-1.7837775
-2.2496777
-7.7504363
-6.0640035
-0.478851
-3.8210506
-3.7394187
-4.1983466
-3.3291304
-3.1904888
-1.2980545
-3.9695668
-0.57296133
-4.412279
-0.013888211
-5.6943493
-4.4498568
-0.7120151
-5.4623876
-1.9324633
-3.1206863
0.7245891
-3.6010776
-3.879604
-1.900925
-0.9291529
0.4895305
-3.313948
-4.299869
-2.2012558
-4.059021
-3.6133287
-3.4301622
0.5645556
-3.9193568
-2.4227686
0.917095
-4.298727
-6.5195518
1.3555961
-3.7895055
-0.44217154
2.0869029
-1.8892236
-4.707739
1.5833638
-3.3704596
-0.99171424
-3.1149592
-0.9847053
0.29478255
-3.7214413
-2.4234996
-4.744297
-4.640187
-4.4575033
-3.0908585
-1.710245
-5.251025
-4.194229
-2.6894152
1.7444924
-1.4448704
-2.82009
-2.7947924
-2.9850311
-4.514735
-3.7747614
-5.4304147
-3.678589
-0.72509956
-5.4762435
-1.5826356
-6.71289
-3.3744116
-2.5437493
-1.6735667
-3.3906822
0.97291696
-4.5834
-3.4690871
-1.2662494
-4.700966
1.4591168
-2.3287115
-6.083691
-4.208582
-4.737716
-6.050714
-8.877535
-4.4600077
-4.2118235
-1.7364056
-4.4671245
1.4396392
-5.1763353
-6.809221
-10.483446
-7.9180083
1.842953
-1.7114227
-1.6320626
-3.5449047
3.007612
-4.6403813
-7.818877
-3.874741
-1.4256673
-2.8543985
-2.2562816
-9.423268
-2.329211
-3.864926
-7.7041807
-1.3975255
1.9453356
-5.816534
-4.188937
-2.4395695
-6.2651243
1.3477782
-3.7873886
-6.8138475
-2.9804447
-2.2218013
-4.76984
2.5731137
-1.5594978
-6.66673
-5.324393
-4.169555
-2.0993824
-11.571093
-6.873947
-5.796475
-5.2558203
7.3575974
-7.1915154
-6.3878036
2.3499198
0.4471324
-5.1336045
0.4170062
-3.4410346
-1.0194076
-6.4646883
-3.7151983
-5.658265
-6.4589353
-3.626876
-5.4662375
-0.24192566
-3.434536
-6.1255293
-5.4499083
-0.050170045
-7.694411
-6.447925
2.1458147
-3.1834664
-3.9435945
-9.532019
-3.6044817
-9.155145
-7.290271
-5.716594
-8.81658
-5.26711
-7.2175345
-5.4169354
-2.55379
-6.286993
-2.7338443
-7.358936
-2.004102
-4.938897
1.1111786
-7.497268
-3.91533
-4.800448
-5.567653
-4.851744
2.6680722
-3.0718608
-11.654119
-4.1363487
-5.799918
-5.211023
-7.6996064
-3.2475507
-10.925411
-4.395007
-5.257771
-6.9472084
-5.847904
-6.644929
-6.292837
-3.4979656
-1.059321
-4.3953414
-5.3690634
-6.1853614
-8.65638
2.552865
-12.649727
-7.1335588
-2.3487585
-2.9274013
1.650873
-7.1681004
1.5608808
-2.1245196
-0.2214675
-2.6275182
-8.498581
-5.4727936
-6.6003847
3.5362055
-4.001546
0.84268993
-3.9302182
-2.0455935
-2.9913838
-3.4465103
1.040293
0.19713648
-2.894979
-4.9719296
-2.1174538
1.0355636
-6.7976727
-7.5926313
-1.5805395
-2.0598738
-1.6524055
-14.128268
-4.930535
-4.029573
-4.269198
-9.861504
-5.5395684
-0.18943045
-6.151251
-4.161591
-4.570499
-2.718383
-3.7337668
-8.024632
-2.5382855
-9.658938
-2.879216
-0.65661484
3.4382
-7.3026156
-3.50876
0.80918753
-2.96667
0.5774133
-0.043048915
-11.556036
-5.9038525
-5.013877
-4.610849
-1.0141102
-2.3678682
-8.07982
0.6550659
-0.9346004
-2.1739125
-7.3558736
-5.385274
-2.9190643
-8.230396
2.346657
-3.9305468
-5.7683034
-2.6917977
-3.9994571
-5.4297585
-3.0662951
-7.9936595
-2.980098
0.5491442
-0.99200433
-6.5435433
-10.58109
-8.339359
-10.113546
-13.710058
-7.595975
-3.9293256
-4.373044
-4.8171935
-9.817778
-9.39603
-13.8501215
-8.388397
-10.327772
-3.0837142
0.25064936
3.4093494
1.863229
-11.961618
-6.6062765
2.3293254
-8.475309
-9.878602
-2.5864916
-7.335865
-7.6920233
5.019541
-9.350269
-13.647509
-4.527189
-13.957875
-6.930183
-1.4231954
-7.266497
-12.990804
-6.9782686
-3.4453967
-2.6493633
-7.7250433
-1.9987735
-5.1323442
-9.841434
-5.0825744
-3.606603
-5.5218825
-7.6381063
-0.44299725
-2.8891754
-3.3152075
0.884611
-6.4100566
-6.488584
-2.5523455
-7.8545604
-4.803239
-4.3676543
-8.812824
-4.5839686
-6.399033
-7.2264485
-8.380754
-7.4750915
-3.6484
-7.409106
-9.82057
-6.6767607
-1.0030833
-4.440132
-6.07702
0.05290169
-0.37717313
-3.0198565
-5.13567
-1.6899447
-0.4566643
-3.3803933
-9.602295
-13.478427
-9.712788
-7.0969586
-6.5211043
-6.020561
-6.92204
-12.208348
-10.957516
-7.6623874
2.7434535
5.781829
-2.261944
-2.968986
-7.4486423
-9.201399
-15.644803
-7.8604255
-4.8581076
-14.617646
-0.40639684
-5.7022495
-6.987442
-4.49242
-1.5041423
-4.712085
-9.498018
-9.6925535
-5.5417824
1.5817322
-4.171994
5.934096
-11.554367
-8.598172
-5.6649866
4.11865
-10.791327
-6.942518
-8.898609
8.730783
-8.986673
-5.183577
-9.086524
-3.2880416
-12.235354
-7.045366
-6.6964316
-9.601743
-8.784685
-6.718671
-11.0300255
-1.6086009
-4.7542562
-3.8380692
-5.387533
-4.0469236
-0.5693223
-13.517712
7.8684454
-10.432182
-8.77063
-15.923286
-13.955599
-7.714534
-4.9424696
-1.8546314
-5.3489494
-8.728504
-1.190268
-2.3390949
-8.2797365
-4.5961
-4.234226
-1.9358426
-7.5497
-10.663002
-1.6013
-2.5065143
-12.276341
-11.347843
-10.754347
-5.696284
-3.923713
-15.787439
-10.856098
-12.505476
7.5574675
-6.417603
1.1042305
-9.373555
-16.278276
-6.892332
-6.373243
-5.1908784
-10.064372
-8.606841
-9.120002
-6.61552
0.48005608
-4.5035367
-5.809385
-0.40913773
-16.046392
0.48873636
-9.491489
-9.622944
-3.912016
-9.671175
-5.036988
-8.155383
-0.47943974
9.332224
-10.6213665
-1.0529419
-5.2183056
-13.362108
-19.918873
-8.716481
-1.2971977
-8.710798
-2.5804112
-1.6466864
-0.80146295
3.343972
-10.932045
-16.17911
-8.534975
-8.639815
-1.633321
-0.25012952
-14.260172
-6.592327
2.4812813
-6.242447
0.6900307
-8.395788
0.72671723
-7.681464
-2.2116058
-8.475999
-7.853746
-8.144411
-7.1307874
-18.370962
-6.6242914
-8.9658375
-13.547607
-14.792133
-4.0982485
-10.442211
1.2578717
-8.963361
-6.3223705
-13.364581
-12.180884
-10.397587
-6.3750343
-2.8173866
-10.507633
-16.333397
-11.174466
1.4172169
-6.379039
-5.612051
0.71059626
-14.245631
-13.312922
-14.602163
-6.0551715
-8.168348
-3.6849236
-2.953511
-2.7463377
-5.6721954
-8.699137
9.390113
1.356609
-2.321837
-3.3007448
-9.620288
8.748244
-10.743179
-13.961946
-1.39823
-7.0514402
-14.176462
-7.9247575
-11.066104
-14.121105
-18.124866
-13.004921
-13.45874
3.3056006
1.5436963
-9.647453
-12.246588
-14.856745
-5.864926
5.3872914
-10.960676
-1.6373367
-11.022772
-12.236567
-6.0610404
-13.967101
-20.040287
-7.937975
-14.529676
-13.485073
-3.276456
-8.58835
-7.8272448
-7.730668
-10.180866
-8.656131
1.0474417
-1.0216697
0.39063013
-12.018117
-4.8055515
-11.852837
-5.3188086
-9.97845
-12.516811
-14.856558
5.404622
-13.709482
-2.8631883
-11.269682
-5.9956255
-13.609946
-17.562492
-11.183495
-3.6480453
-11.600193
-3.1760092
-1.0001813
-15.6317005
-7.9354134
-6.9029107
-8.755878
-5.248799
-10.912917
-14.252733
-7.568366
-7.9629717
-17.161724
-2.559908
-4.267911
-10.049893
-12.347828
5.591473
-5.2086
-2.4263706
-2.7497523
-10.892628
-6.5627213
-9.401524
2.2435372
-9.444175
-4.6633935
-4.140387
-15.5479765
-1.3022386
0.7546009
-14.071923
4.637888
-2.185771
-2.541727
-2.039263
-6.101208
-16.4277
-8.974104
-12.881536
-10.050146
1.9941012
-7.1999
5.102285
-17.93577
-1.7451112
-5.9069037
-21.015604
10.922512
-19.33969
-7.423405
-13.594554
-4.1638293
-4.106902
-16.007551
-3.876123
-11.300723
-8.4665165
-0.31381533
-10.735431
-4.1080866
-21.275303
0.22034849
-9.823972
-4.8168283
0.23418964
-11.735276
-4.8810496
-11.921543
-25.537527
-12.323008
4.3437595
-8.807737
-0.60132885
-0.5468926
-8.326631
-5.993818
-13.305223
1.502519
-16.832344
-10.949881
-4.929612
-7.3815055
-5.8868575
-16.509092
-4.9213915
-21.849888
-21.766966
-16.065567
-1.7078317
-20.524124
3.2399223
-12.801436
-1.4514843
-12.9995575
-18.678219
-10.72891
-14.896587
-3.7571929
-8.193147
-11.309184
-14.628438
-8.905645
-2.3282833
-10.8221245
-10.845853
-10.698735
-11.138671
-2.2110753
-11.98338
-18.995335
-4.8390107
3.4101489
-15.26176
-7.760684
-14.4303
-4.6337824
-7.5382257
1.0094564
-8.06156
-4.369526
-9.671393
-8.745363
-13.559021
-2.169227
-0.21817459
-10.243034
-3.1023011
20.416218
-11.188868
-6.4625726
-18.496717
-4.5350246
-17.6434
-8.158241
11.010502
-9.856972
-17.841345
-8.499111
4.709428
-6.5084195
-16.004486
-0.615735
-12.194569
-10.191228
-14.737339
-17.103786
-16.65903
-5.3170004
-11.932245
-18.83232
-7.746619
-16.20837
-23.95339
-10.862782
-8.400006
-13.486425
-15.677721
-6.9852023
-0.829974
-20.860605
-8.477314
-12.094715
-8.698108
-0.596258
9.38982
8.94231
-3.201979
-9.227284
-4.0406914
-12.364182
0.5517248
-10.344077
-8.72661
-5.1117425
-0.014079182
-5.8728614
-12.872955
-9.852324
-13.971166
-15.216151
-14.284856
1.0567894
1.718231
-13.360886
-16.584345
-1.6182501
-18.803404
-15.976201
-12.121764
-0.19030645
-14.325783
-5.273946
14.006824
-14.44618
-23.603315
-8.450126
-7.2658563
-17.216543
-3.7192717
-3.698779
-16.602396
-5.0647564
-15.694526
-3.2536058
-11.181622
-12.795706
-8.691536
31.426405
-18.679234
-12.143561
-6.122227
-13.513879
0.845893
-22.91775
0.13659595
-27.073326
-14.919473
-9.877919
-12.723794
3.6681826
-11.304077
-13.136605
-2.2706947
5.8650265
-19.157835
-17.639744
-4.2915874
-10.746651
-0.88152367
-7.9013543
-14.613444
-3.122547
-1.1706368
0.18028627
-14.239442
-9.242417
-15.887552
-14.359703
-21.709328
-16.44939
-14.740958
-5.72946
-9.860391
-17.681614
-6.707501
3.4780564
-5.292524
-10.628114
-6.2639403
3.0480113
-15.758634
-7.71648
-9.608223
-5.5531545
-16.784552
-20.979258
4.5264354
-22.546164
-8.719511
-2.5414777
-23.508326
-0.44169575
-21.538767
-1.6061939
-17.753523
-22.452478
-0.12062449
-25.084291
-6.2785378
-17.827583
-4.3813925
-8.117282
-19.611988
-2.712044
-6.9167795
-13.364997
-9.302383
15.98911
-21.904202
-16.165005
3.8483317
0.18725123
-15.211933
0.17072332
-14.134217
2.3812432
-26.445757
5.150783
-13.823665
-13.063277
-10.36503
-31.933659
-4.4328375
8.712856
-17.459644
-9.647654
-6.8888545
-14.168006
9.907608
-10.174606
-24.279606
-15.248951
-5.3409266
-13.673005
-15.136151
-1.5812873
-3.3869224
-4.275044
-8.701455
-17.734406
-15.474977
-16.668184
-24.330338
-10.290949
-19.169903
-6.809089
-20.309725
-15.5966
-3.282892
15.489399
-8.23776
-8.175373
-8.434703
-19.460775
-10.6469
-14.584039
5.7109013
-8.574469
-8.416342
-15.8286085
-8.155681
7.156777
-6.5230865
-21.00309
-7.108582
1.4213768
-10.155149
-4.2456737
-9.392004
-13.009598
-23.047882
-12.709283
-3.0538337
-0.20936382
-5.9721794
0.47393548
-14.769502
-11.649012
-22.08936
-10.93858
-7.816464
-23.862274
-13.508592
-5.614598
-11.405656
-9.822737
-36.541397
-15.655267
-3.358549
-2.635246
9.802752
-11.13144
-11.5392065
-2.1589048
-19.151917
-10.770058
-28.653706
-16.313713
-11.250466
-21.925123
-15.882891
-14.770501
-8.941683
-12.428195
-20.46094
-4.951771
-20.358513
13.84159
-23.62189
-12.634254
-3.1943269
13.568992
-9.897212
-12.197949
-11.119158
-29.529186
-8.327627
-16.667578
-18.689562
-21.902246
-15.9649315
-14.768979
-14.790381
-7.595738
-17.926624
-17.494202
-7.3275123
-18.899141
3.613607
1.0649596
-24.18459
-12.562186
-12.783406
-11.655055
-10.791872
-26.21606
-18.68235
-13.29753
-24.936737
-17.246885
-10.931047
-26.035269
-9.269611
-18.645472
-30.409485
-16.494364
-9.973185
-8.904736
-10.77224
2.4927588
-8.2158
-31.109144
-7.799097
-2.7019851
-18.228624
-2.7853074
-18.442894
-17.156128
-17.449066
-4.3013296
-10.444657
8.878907
-11.262757
-12.281849
-9.017438
-11.089405
-6.027973
-11.083797
-8.146539
-13.645247
2.3878036
-24.175514
-1.6301025
-17.113419
-19.759613
-9.937441
32.21828
1.8536469
-11.301512
-1.4543455
-19.709217
-7.283894
-24.03493
-12.461462
-16.959286
-15.241662
11.279067
-16.533339
-24.64618
-31.971596
1.9976232
-28.367567
-9.483758
-21.207504
-19.982136
-1.7282293
-23.328295
-17.716394
-11.627139
-9.251392
-8.335668
-9.782345
-28.956842
-24.408985
-27.91488
6.8487954
-22.843847
-16.71074
-8.2509775
-3.9788811
-0.3389534
-16.403166
-16.32544
-12.048135
-18.488401
-18.974806
-14.731538
-4.082043
-17.852217
-10.077567
-7.836877
-18.596556
-21.07122
-5.155643
-17.919245
-7.2081904
-3.625955
-10.367697
-11.466808
-12.883948
-22.235077
-15.725112
-12.6935425
-20.345821
-7.5776725
-7.938467
-17.538631
-28.649258
-7.1284018
-8.994474
-16.99989
-9.986524
-19.844612
7.059594
-27.719366
-1.9664731
-28.815678
-11.928824
-12.004881
-30.93084
-2.7070622
-4.7236753
-1.6682744
-9.978189
-17.700447
-8.803091
-15.057975
-20.352526
-23.906935
-2.9239812
-13.227585
-6.9253902
-17.87662
-0.43887874
-3.5256705
-4.6851206
-14.450308
-15.085415
4.278318
-22.80376
-16.189402
-24.603893
-9.006145
-14.464092
-3.1275141
-18.317577
-18.256514
-13.739794
2.381458
-6.2997823
7.503782
-24.491608
1.8567443
-14.405323
-29.64476
-32.989376
-28.646505
1.4806733
-24.498648
-17.959352
-6.3536577
-26.852238
-5.5823526
-20.66339
12.936164
-17.569757
-43.48105
-18.585766
-15.020491
4.8336754
-8.567821
-5.256404
-8.19373
-18.40716
-23.333063
7.919744
-11.645328
-18.474287
-2.8537242
-13.53304
-15.477595
-2.4731388
5.616036
-4.2093663
-1.6510663
-19.892054
-17.58407
-4.6792493
4.306527
-3.3909607
-18.231031
-15.970068
2.2964118
-2.60028
-19.624765
-25.386112
-13.213456
-15.549962
0.27143535
-12.90768
-20.818817
-17.87203
-15.619583
-32.224773
-20.68021
-6.235945
-17.268608
-22.311989
-10.595545
-19.945623
-27.347446
-4.2403827
-15.794048
-17.383175
4.6195393
-26.155962
-2.8014386
-1.4374951
-20.58444
-10.0705385
-27.030048
-21.295038
-15.219618
21.32143
-8.340124
-3.7466316
-23.562595
-26.446827
-16.64809
-12.81474
3.3023987
-39.963703
-21.638512
-19.713896
-5.41284
-26.625391
-14.20657
-11.550973
-30.31397
-11.648786
-8.674283
-1.2517167
-14.310224
-17.16899
-21.103025
-14.2399845
-27.21436
-37.012672
-26.13969
11.662487
1.1764326
-8.408481
-12.235616
-6.1276426
-22.715223
-8.211951
-16.48362
-7.536059
-4.197334
-30.390173
-10.16485
-17.287584
-16.7054
-12.692603
-7.923354
-13.393682
-2.7242546
-25.134802
-30.773813
-4.211909
-22.450941
-15.395421
-13.844815
-24.169907
-19.459991
1.0049626
-18.105076
-33.878853
6.395793
-17.739496
-3.7023783
0.5197604
-25.872293
-13.641237
-8.58596
2.7929997
0.15453199
-3.2033963
-22.440775
-26.798199
-11.606111
-3.5296838
-20.579458
-3.2401223
-15.730131
-28.10091
-27.305223
-9.509112
-24.622356
-22.534367
-26.853622
-12.858474
-29.034529
-24.054777
-10.307925
-5.4933405
-14.181377
-1.7461461
-38.17062
5.709658
-8.497703
-21.169838
-27.29194
-4.499032
-22.859453
0.5423317
-14.939317
-36.668262
-21.9084
0.54181856
-17.675016
-11.742682
-20.612904
-16.26035
6.682863
-6.8270335
-27.348707
-23.880728
-22.854595
-29.607843
-14.171536
-33.09638
-8.887311
-3.5734382
-7.345635
-16.959158
-15.540369
-8.061703
1.3161379
-25.489555
-0.28561136
-4.421738
-26.87226
-8.671371
-15.348547
-18.984846
-19.00848
-37.69119
-13.788478
-25.868912
4.5603185
-27.374352
-6.9013953
-27.313393
-33.669743
-13.255159
-23.31585
-32.845646
-26.09028
0.44423753
-31.76369
-21.584114
-5.6945796
-22.109344
-28.57502
6.499583
15.015398
-23.003376
-14.636632
-16.86452
-26.797485
-30.08604
-19.54556
-11.722111
-13.440453
-20.551685
-21.453102
-33.39749
-25.238142
-24.258404
-20.696108
-9.639969
-1.0372148
10.180355
-20.618315
-4.0609717
-15.129398
-1.4601092
-26.420525
-13.021574
-19.747944
-6.986209
-22.431307
-43.521084
-24.738865
-0.47106776
-7.9324837
-25.451815
-14.007234
-28.354664
13.248964
-22.99479
-23.343655
-16.03787
-9.835102
-13.869921
-1.7304819
-32.09754
-17.403421
-28.49994
6.9463077
-20.319979
-24.21039
0.28546867
-21.279638
-17.433681
-10.525264
-34.16133
-20.406715
-27.781828
4.2375593
-20.521578
11.983177
-17.774956
-16.071878
19.841103
-13.859273
-7.766839
-24.1717
-28.651667
-8.597042
-29.128433
4.152177
-17.152082
-5.6596136
5.1354394
-17.997637
-10.99127
-20.418812
-14.600206
-21.964418
-33.194206
-14.321132
-12.738678
-5.111969
-18.122622
-17.180504
-3.104326
-23.768084
-26.611858
-28.625618
-14.834385
-21.256905
-11.342267
-13.821048
-17.02988
-26.201782
-30.927427
-43.654453
-20.96521
-9.339151
1.226965
-15.519401
-16.457968
-5.8829412
21.325441
-29.252884
-19.282036
8.908418
-38.378826
-26.385763
-11.729719
-17.690575
-7.066232
3.8130703
-22.057205
-15.531798
-12.064949
-17.17327
-20.45463
9.96167
-26.561533
-31.946186
-14.999965
-22.441492
-19.212193
-21.83164
-3.7363882
-21.260265
13.006535
-20.567677
-26.729954
-7.312432
-18.675749
20.429102
-36.184643
-34.086914
-2.5844712
-32.084618
-21.973507
-13.176371
-9.383955
-21.25588
-2.8820064
-15.73548
-6.880071
-22.90378
-11.723407
-6.172346
-31.39947
-31.927027
-21.572374
-24.27719
-6.266539
-17.896305
-16.534462
-16.127892
-17.615005
-35.674656
-8.655862
-8.345223
-16.938414
-19.793036
-8.817017
-16.474733
38.27249
-41.609215
-50.32999
27.047722
-42.920258
-18.23036
-8.886556
-29.527502
-20.59588
-18.122787
-22.963692
-25.605272
-37.22272
-43.01969
-21.040304
-8.542555
-25.860937
-39.47326
-22.485638
-15.934491
-25.17694
-3.1606538
-17.334867
-15.246346
-17.18121
-17.65407
-24.196821
-15.621806
-22.240099
-21.873638
-37.549942
-12.751005
-16.566378
0.88408273
-27.216372
-5.80449
-10.91784
-33.871265
-21.12517
-17.781126
-6.79752
-6.0321264
3.4548318
-16.653128
3.2055714
-20.24688
-19.296234
-17.31411
-35.742756
-30.075682
-3.4515426
2.6092663
-18.921509
-29.592188
-46.701653
-29.398342
-26.509588
-14.846852
26.394306
-10.5986595
25.365698
-8.712073
-21.68289
-15.208204
-26.071947
-8.239505
-28.415422
-21.876616
-10.258281
-49.5245
-26.739014
-29.566866
-30.280527
12.133437
-14.432924
-33.07551
-19.858402
-25.300465
-44.67296
-44.378544
-56.07882
-8.023818
-32.292583
5.0232625
-6.453115
-16.252464
-13.196699
-15.51615
-23.507599
-13.053812
-25.174416
-5.5950537
-34.88775
-28.283985
-30.787138
-18.031713
0.38992843
-28.350279
-54.63513
-27.022615
-5.1634107
-13.550704
-9.507117
-26.131622
-24.713135
-25.725481
-23.570465
-24.102896
-11.593633
-18.093313
-34.98421
-18.181183
-18.060987
-19.49918
-5.6148286
-4.5749006
-26.618122
-25.407125
-27.876684
0.02754472
0.038157977
-23.48615
-22.597437
-13.773303
-32.406933
-29.345
-26.248446
-1.5604739
-24.129814
-35.072685
-20.356363
-36.439075
3.1297784
-22.80636
-14.684231
-10.042783
-24.233252
16.216162
-13.6432705
-28.811245
-4.667909
-8.442694
-21.056889
0.8532364
-30.555187
-33.15533
-1.0009584
-29.613914
-3.3089123
-28.560772
-6.7675824
-12.974768
4.8823576
-28.634604
-4.9584455
-24.47389
-10.597354
-14.782873
-10.564749
-21.339033
-30.640041
-12.7000065
-1.3171397
-14.281648
-2.6067593
-29.60151
23.274912
-18.475431
-42.748077
14.8484535
-14.124425
-1.6911694
-17.869139
-27.235449
-9.095814
-9.397982
-18.745367
-48.050396
-33.67986
-24.493256
-16.897268
-32.548157
-17.950071
2.1249444
-30.743713
-17.897905
-39.50218
-21.80757
-49.33727
-47.512276
-11.455477
6.949247
-38.961555
-36.731895
-28.14315
-18.625242
-35.60292
-11.322559
-27.742292
-23.561464
-19.991081
-21.668798
-15.923095
-8.689481
-15.747844
-2.181165
-25.159931
-20.787416
4.0214562
-24.142237
-50.357872
-44.96283
11.059047
-43.659565
-33.04409
-30.81163
-18.913576
-11.05823
3.9900095
-7.77314
24.292889
-34.225597
-23.366886
-4.6360273
-30.78089
-28.960403
21.871294
8.013747
-22.79895
-0.505236
-13.32013
-34.265438
-26.43049
-37.288033
10.591558
-16.14311
-17.438044
-35.589104
-16.782326
-24.219824
-21.08342
-12.783917
4.669629
-10.335158
-10.237109
-9.916446
-6.550122
-30.168552
-31.507433
-1.1357721
-21.82683
-11.423132
-21.363045
-20.85949
-31.377462
-27.26101
-41.055378
-20.49616
-19.369328
-11.088156
-35.615246
-34.757736
-9.405742
-22.591486
-14.8310995
-6.743485
-1.2620953
-2.7872157
-21.788294
-44.270027
-11.159301
-15.807702
-38.17058
-24.361897
-27.609976
-29.667398
-34.56576
-32.458347
-14.446715
-20.783014
-20.453766
-45.124992
-19.480734
0.5733519
-13.960939
-11.278023
-13.213057
-23.193037
-20.63802
-20.731943
-24.500574
-47.822712
-34.930923
-16.76041
-0.66866726
-37.34275
-44.851204
-28.116919
-25.164463
-26.115105
-28.846096
-17.486563
-35.575108
-13.104705
-10.628204
-34.65105
-12.305128
-25.112244
-14.042561
-6.34259
-13.964967
-40.587223
-25.410828
-28.384293
8.855707
-11.093969
-26.74246
7.30691
-18.632343
-22.2009
-31.814909
-21.658447
-17.783522
-44.72109
-26.467897
-4.786526
-9.828321
-40.90652
-19.629301
-15.6184435
-14.229806
-48.211304
-27.49623
16.493113
-32.586388
-29.294773
-0.13965867
-34.42606
19.279095
32.04807
-18.990366
12.947183
8.696137
-18.873728
-22.288422
-34.21868
-25.422316
-39.221046
-21.732012
-25.218931
14.558715
-0.6301539
-35.30761
-18.812042
-15.758846
-11.666839
-32.55473
-48.945972
-25.130848
-17.390114
-0.6101824
-30.674685
-16.56185
-5.011146
-26.94178
-33.843563
-12.391562
-27.620232
-8.27195
-29.141546
-17.865126
-30.84568
-9.494791
-38.61159
-29.87039
-39.03544
-13.93767
-37.34377
-28.994474
-36.354305
-19.213228
-22.064339
-1.6004225
-31.735193
-28.261179
-24.919498
-12.810855
-28.770685
-30.043585
-23.67414
-7.351398
-17.579903
-4.3711133
-36.895035
-23.224592
-36.243664
-41.127113
-26.437122
-12.3195305
-13.192124
-23.438198
-11.038826
-31.981678
-19.422892
-42.76153
7.000568
-28.42788
-22.084845
-41.57518
-32.78387
-20.49118
-37.13992
-26.557934
-10.852994
-45.20187
-10.96958
-1.4197809
-27.455881
-26.310501
-10.2804985
-8.468884
-46.312748
4.5931654
-31.99106
-28.365314
-10.335702
-30.431326
-52.20164
-30.493486
-45.515713
-32.671
-53.055218
-6.1013684
-50.72921
-2.4289224
-35.88268
-13.484213
-9.659756
-6.483421
-12.283685
-33.030544
-17.882534
-43.21673
-20.19566
-30.191032
-4.2829995
-40.583897
1.33719
16.763674
-73.64386
-27.365406
-44.411667
-43.098858
-25.031029
13.262088
-13.512513
-44.409977
-48.628098
-23.163364
-64.96018
-24.676891
-18.821789
-37.845833
-17.261547
-35.7569
-33.701687
-11.96772
-20.804192
-15.242442
-11.807603
-29.18322
-37.156586
-12.068666
-30.641426
-21.330475
-0.74812883
-40.29312
-23.19262
-28.295385
-6.575618
-11.331036
-16.088923
-28.590862
-17.432148
-16.330158
-18.119066
-5.6334743
-25.178154
-13.795477
-9.038201
-25.579243
-62.91694
-44.41154
16.302387
4.231613
-20.778975
4.482105
-13.105486
-12.859779
-33.342518
-29.389313
-24.600368
2.3069303
-24.85592
-32.35068
-6.106266
-20.809519
-31.09226
-27.696663
-20.138546
-29.904411
-35.263893
-28.819208
-23.341894
19.815477
-40.64821
-5.856504
-47.05066
-20.95101
-29.677843
-16.92464
-37.47712
-13.668515
-17.8285
-29.502848
-20.943895
-28.031418
-27.430687
-17.47216
-30.413658
-27.711756
-14.097248
-44.477615
2.6646411
-40.933453
-41.04295
-64.29655
-36.29247
-28.757593
-17.399582
-41.891537
-46.033684
-35.42121
-30.554903
-21.529501
-31.378746
-32.02193
-8.54021
-40.655563
-28.423542
-6.844474
-18.313437
-16.509432
-43.54992
-52.82953
-40.842747
1.1984651
-4.4111342
-38.930058
-8.649521
-14.769009
-1.639739
-29.769318
-50.600834
-48.37184
-37.390682
17.427998
-41.996742
-31.616495
-20.472118
-29.643093
-54.27793
-14.226809
-37.976513
-19.79946
-6.400612
-28.582325
-29.526155
-35.700855
-50.599895
-24.404877
-34.074528
-25.132284
-20.212385
-23.900465
-38.25427
-32.826775
-18.851768
-27.413353
-13.707111
-39.033726
-52.801876
-12.929221
-34.273895
-25.769564
-47.602566
-4.781275
16.527473
-27.829117
-14.838863
-38.988976
-4.8216853
-1.8020437
-9.591282
25.499493
-35.49681
-22.968464
7.141827
-39.07743
-38.157375
-11.635066
-14.802932
24.177788
-49.597122
-18.900852
-28.417234
-18.083645
-25.74982
-48.83587
-39.05064
-38.040348
9.73586
-38.98035
-8.6009655
-41.073105
-7.861212
-35.23746
-55.39525
-48.44022
-4.509015
-9.243182
-28.14706
-15.66166
-1.9853213
-39.44291
-8.517238
-23.587587
-50.517647
-4.5006948
-43.071823
-11.967439
-16.548157
-39.092525
-47.12752
-19.674751
-4.982655
-26.385963
-16.685314
-20.077469
-39.127148
6.4649053
1.3332853
-32.33877
8.283376
-20.944378
-56.405098
-26.954557
-22.51527
-27.114408
-24.82809
-31.109133
-29.370241
-24.074953
-41.38393
-31.035555
-10.483738
1.3906465
-6.5000405
-4.693063
13.83765
-13.076332
-31.229528
-12.306458
-40.308743
-50.82252
6.846656
7.4047384
-52.290222
-27.544144
8.863063
-45.649204
-22.09315
-36.724083
-53.309647
-58.30729
-43.944305
-27.225618
-30.300837
-30.138386
12.274559
-35.83661
-23.270004
-8.255429
-30.334263
-39.026142
-50.055763
-15.397186
-42.3625
-28.216661
-52.793495
-28.213839
-54.26305
-34.564682
-16.31979
-20.8016
-26.392921
-15.034826
-42.503277
-14.647167
-10.258501
-28.99511
-21.355799
-17.090973
-6.0172772
22.59318
-31.381966
-33.417404
-46.43343
-24.17999
-15.91865
-7.5606503
-27.850582
-8.263542
2.223091
-34.584858
-53.46049
15.204444
-45.26498
-45.313103
-42.028275
-25.71412
-18.7431
-37.35438
-44.0357
-34.75763
-22.223606
-45.674828
-37.080242
-5.0166693
-27.354692
4.7422385
-35.87259
-6.682077
-9.831707
-48.55773
-27.978779
-14.575668
-16.966444
-55.98063
-51.219746
-14.2482815
-33.117012
-40.03676
-44.812073
4.0196977
-31.472391
-18.884327
-32.363396
-15.747705
-15.37217
11.862405
-20.68307
-24.383299
-2.0087051
-54.88132
-48.73926
-29.613558
51.400517
-37.19781
-25.867695
-34.55588
-32.151085
-50.291275
-26.392351
-21.427427
-24.288694
-22.5638
-36.740402
-21.445564
-25.16649
-51.63742
-5.4705706
-18.297104
-45.173862
-41.638702
-25.51291
-24.086521
-16.051067
-21.686876
-26.87632
-36.378643
-32.15386
-45.548782
13.548974
-5.64025
-33.16167
-42.757767
-8.578117
-38.459576
-43.17258
-15.970342
-32.820686
-16.674253
-40.50274
-42.59809
7.1388063
-38.350697
-21.084688
-45.6208
-11.870006
-33.905544
-28.039541
-26.321852
-22.69412
5.275776
-23.3675
-10.630361
-38.743233
-58.342827
-31.289856
-30.272219
-44.04871
-42.155243
-12.348211
-17.523232
-25.430187
-59.675064
-48.354084
-22.972397
-15.765295
15.296915
-19.421848
5.6907315
-31.316118
-39.072243
-43.079144
-36.132336
-48.947327
-30.525225
-33.96829
-17.805265
-10.594009
-0.75130486
-7.306978
-14.550895
-27.39671
-52.432613
-50.12708
-27.54579
-14.329512
-27.571152
-20.926247
-43.211823
-0.7227353
-45.373722
-39.864017
-23.109488
-10.017916
-36.2334
-32.88759
-40.97747
10.717753
0.41311204
-11.576727
-33.687256
-34.832813
4.187614
-34.33747
-48.996754
-37.836937
-55.048275
-38.84041
-45.82333
-27.847502
-18.320316
-3.3499978
-19.487038
-55.288887
-32.046856
-28.074842
-40.13834
-40.31015
-62.658436
-30.172092
-36.168907
-17.77002
-6.901387
4.0493865
-25.13855
-20.395561
-34.30213
-41.077866
-46.95154
-28.369528
-20.177938
-64.445366
-32.62264
-38.29657
-27.45633
-46.565792
-20.894335
-61.184563
-19.657314
-49.004574
23.07532
-29.176931
-58.018993
-56.134174
-61.253326
-43.51734
-37.730785
-36.900463
-37.345123
-31.606415
-15.338439
-32.84127
-9.780825
-24.28853
-37.041687
17.980639
-21.412527
-17.010338
-39.65111
-39.65313
-20.291048
-21.675692
-5.538774
-3.4755826
-54.472996
-23.51411
-25.76003
2.4915993
-20.506853
14.8440075
-1.6106455
-39.351055
-45.225494
-43.493423
-9.475287
-37.038933
-19.278366
-44.17957
-21.59436
-23.550945
-28.065632
-33.709904
-32.908035
-42.45223
-29.006153
-55.068142
-10.267608
-37.87463
-20.29094
-42.500355
-39.138535
-47.628735
-24.887512
-12.367055
-8.962921
-27.965595
-33.63788
-5.004953
-11.815538
-4.855106
-22.133171
-18.046934
-43.474144
39.863647
-23.70743
-5.3739424
-25.364227
-43.113583
-46.456207
-14.970085
-25.496334
-46.74334
-36.577175
-70.51066
-22.268534
20.380634
-28.692312
-2.9731078
-10.245622
-61.573902
-50.701424
-28.92428
-30.679749
-18.803606
-30.217129
-15.419122
-63.238346
57.067787
-44.564205
-38.550224
-23.289825
-25.374853
-45.280415
-31.932842
-46.98282
-11.945782
-24.708973
-22.643532
-13.370644
-43.564808
-22.711168
-12.969567
-47.78589
-47.440483
-45.217644
-46.562206
-19.655605
-28.524515
8.80024
-20.291344
-47.08056
-57.391174
-35.56764
-33.039227
-16.754902
-42.032555
-59.19233
-28.500502
-12.154201
-21.22014
-27.177576
-57.32109
-36.29303
-53.582027
-15.415004
-47.09681
-22.27127
-22.881243
-26.210146
-56.336365
-6.310146
-4.6172833
-22.152515
-12.525521
-35.404182
-23.321522
-12.922791
-23.47033
-19.604797
-70.25598
-44.127228
-21.617985
-33.874523
-35.620556
-17.497364
-56.87824
-9.067238
-54.34425
-73.03446
-36.00952
-44.56737
-36.142105
-28.124184
-43.39261
-34.442013
-56.43621
-16.381655
-29.029053
-24.069494
-26.359211
-28.089087
57.311024
-8.434354
-63.47878
-39.06244
29.208292
-29.501709
-27.570978
-46.376423
-24.607174
-16.94082
-49.50092
-18.147064
-21.39685
22.637451
-23.346785
-5.0881705
-28.447424
-20.672735
-34.74824
-13.604537
-20.438658
-16.834055
-33.733265
-8.359454
-3.5191302
-51.716137
-31.759033
-45.753635
-44.86772
-11.567491
-47.683163
4.352829
-27.280008
-31.478374
-19.835371
-49.337177
-57.166256
-52.679806
-43.19215
29.304707
-57.19618
-48.273582
-39.40895
-5.78909
-55.099728
-45.9619
-41.96684
-27.218485
-44.056267
-46.25232
25.17497
-51.252117
-50.9701
-36.727238
-32.56521
-16.78387
-75.19643
-60.397007
-30.675129
-56.408592
-36.873028
-46.61512
-35.403625
-20.000366
-55.88355
-47.268196
-14.096098
-43.357586
-61.95114
-8.2708435
-29.319044
-47.393627
-17.501884
-27.39999
-43.09695
-33.62049
-36.462822
-18.790556
-40.25057
-24.13521
-44.805424
-18.259035
-12.673541
-76.0668
8.09826
-29.86073
-64.96943
-47.450775
-25.742523
-14.331861
-9.33186
-50.93201
-38.802994
-46.250828
-18.672558
-41.918724
11.680061
-37.65194
-65.539505
-13.786247
-23.457989
-17.95467
-33.04782
-53.16614
-42.07509
-46.293034
-0.19650272
-51.646915
-8.041982
-30.10351
-27.82396
-29.30981
-66.28021
-44.47202
-21.036058
-42.360123
9.874937
-40.865005
-44.067635
1.2705977
-46.402496
-9.680979
-39.88474
-3.236771
-52.41065
-27.745243
-88.15504
-35.712276
-6.3928714
-46.62841
-36.498432
9.217582
-57.51428
-14.113634
-53.13451
-50.921192
-39.797626
-62.72622
-30.965034
-5.709897
-18.111357
-47.783745
-34.63214
-35.467278
-39.470776
5.1477695
-19.81566
-59.285286
-52.54802
-29.408445
-21.092548
1.7649693
-54.351143
-48.224407
-11.076811
-48.474304
-22.51118
-32.58418
25.85294
-34.579117
-55.62335
-15.114628
-31.557251
-12.179765
-6.5935388
-7.7339554
-17.36605
24.102732
-31.9323
-65.260216
-57.781124
-1.9573253
-35.21225
-95.92337
-57.410892
19.498781
-1.6465776
-23.721811
-27.26161
-11.845396
-58.683994
-26.376228
-42.285816
-36.985424
-20.15593
-32.274044
-42.283257
-74.81799
-1.1241419
-12.426624
-42.157555
-28.08979
-46.97888
-30.142029
-47.96928
-29.604834
-2.0231857
-37.59134
-55.788116
-23.512367
-67.849396
-4.7845182
-31.012966
-38.392
-23.163713
-39.549816
-25.526037
-4.6233945
-13.584823
-57.899166
-45.23852
-10.240118
-11.202197
-48.38073
-19.593075
-26.287893
-67.05684
-67.59864
-60.30604
-46.53589
-25.210688
-24.31701
-65.126755
-22.811172
-48.403927
-28.62605
23.235739
6.0931525
-43.136864
-65.760826
-43.326763
-17.919937
-27.651243
-36.073723
-17.873384
-39.702274
-18.885477
-11.868731
-44.47669
-45.26561
-10.535638
-22.200472
-27.34575
-51.628662
-60.058777
-51.950912
-22.001236
-58.0627
-36.112488
-22.748583
-28.542913
10.018936
18.896599
-11.692817
-87.075905
-52.57755
-29.42179
-39.843796
19.700665
-48.146027
-46.284195
-50.518852
-43.856567
-38.398247
-47.739735
-22.929811
-37.749096
-46.668304
-26.493011
-37.687237
-54.719257
-20.769827
-36.414803
-27.827333
-21.043816
-30.956068
-31.56152
-10.549324
-12.125522
-30.966818
-68.58066
-38.472103
-6.2076283
-30.043674
-43.127335
-10.665489
14.488908
-36.16073
-68.33432
12.22043
-31.608763
-9.159579
-32.757324
-47.23896
-58.493767
22.419912
-10.409291
-49.292377
-59.6611
-56.58824
-36.878677
-38.965466
-46.978546
-28.946466
-38.22299
-49.127995
-41.481277
-48.778946
-32.727375
-19.727926
-51.593376
0.9686306
-76.84935
-40.30283
-59.525784
-40.759537
-58.438168
27.189009
-48.448765
-40.600685
-47.363213
-13.57701
-15.036613
-34.884445
-31.28394
-38.7561
-50.570118
-52.207466
-55.82818
-59.17856
-83.301254
-50.11097
-28.901928
-27.97052
-6.0144715
-46.865612
-29.657623
-16.986084
-40.793278
-21.892414
-46.088512
-55.87657
-89.99903
-17.876925
16.751387
-36.086384
-45.1837
-23.514992
-17.958529
-71.579124
-9.04978
-54.21366
-31.250366
-51.321655
-8.159859
-69.991974
7.290642
-44.135384
-29.803083
-24.053484
-35.714603
-53.552147
-2.8926625
-40.479717
-14.004306
-37.474503
-57.692932
-35.147083
-35.3147
-61.54938
-25.68084
-14.360721
-42.79575
-69.93844
-51.26015
-48.70213
-52.702377
-59.72643
-24.230574
-40.62233
-22.437164
-26.67793
-28.138014
-35.44147
2.3130777
-9.047847
-14.550445
-57.05555
13.040802
-26.332415
-46.71122
-25.336313
-38.5401
8.828594
-21.488287
-56.493473
-81.12731
-19.726004
-59.137245
-67.786766
-31.529219
-18.253668
-37.317005
-9.635574
-5.787776
-51.994045
-25.888405
-41.29031
-72.22429
-78.8275
-45.04391
-55.950756
-7.8836107
-94.5801
-37.01528
-13.723296
-50.551548
-3.7334173
-16.313608
-22.175863
-40.40692
-76.10787
-27.431433
-36.443367
-31.416405
-28.376368
-34.576008
-64.725395
-17.522276
-50.29411
-54.743176
-48.48855
-63.57889
-23.59328
-29.778168
-28.044493
-72.386505
-39.403866
-60.66152
2.797933
-41.49183
-79.84639
-36.056458
13.511396
-80.10598
-49.26141
-19.44588
-10.748069
-23.527067
-44.47381
27.252142
6.7080255
45.442192
-36.474495
-48.482204
-17.666801
-15.374393
-36.511314
9.848238
-40.58476
-22.501904
-32.53905
-44.461555
-12.692739
-25.91857
-25.295355
-10.918456
-47.392273
-27.028221
-18.8779
-38.81708
-40.963608
-32.37473
-22.943697
14.70753
-52.033333
-50.400375
-54.82387
6.322593
-29.880472
-54.24205
-23.875746
-42.14789
7.9051695
-46.11474
-19.442362
-13.2043705
1.4323709
-32.335617
-16.680023
-58.81143
-69.29503
-16.714867
-1.4305909
-64.88128
-25.733627
-31.686306
-28.293972
-55.62502
-57.81123
-33.26833
-48.640255
-76.383736
-54.78438
-41.096992
-59.608707
-39.956013
-58.155163
-45.995842
-29.958036
-41.58028
-21.010508
-20.015348
-39.023243
-50.04581
-47.52293
-24.758347
-38.701267
-26.50172
-24.43144
-52.52795
-80.830605
-31.403696
-20.889133
-10.686616
-13.094667
-25.940128
-34.982334
-0.5047922
-70.132385
-62.32579
-55.460045
-60.05479
-57.03305
-34.77112
-30.500496
-65.78679
-41.89695
-22.145067
26.137428
-31.504482
-51.881676
-7.467196
-30.877567
-6.452233
-36.619217
-48.534214
-52.581753
-58.624905
-48.99343
-21.370289
-45.872585
-21.953001
-43.460354
-65.15958
-42.940094
-40.114494
30.150421
-24.316685
-7.9090605
5.4118857
-73.23822
-51.358265
-59.130703
-16.315826
-14.629981
-10.213369
-46.447807
-56.164673
-78.20964
-20.57678
-41.117813
-29.8961
-31.413746
-11.495561
32.807793
-62.138065
