-0.0033275154
-0.0017236659
-0.011807086
-0.0026397782
-0.006961716
-0.010792941
-0.00434208
0.0050171805
-0.02422529
-0.016837457
-0.010953098
0.005342939
-0.035899334
0.027364695
-0.056150302
0.0025839943
0.016313197
-0.016132077
0.020713154
-0.019356878
-0.0012404283
0.02560059
0.0020244496
0.017120011
-0.0013258607
-0.012074845
-0.009478604
0.02375725
-0.012539455
0.03905622
0.015761903
-0.019451972
-0.004026095
0.04100125
0.031649984
-0.04024967
0.05216392
0.010797979
-0.038179092
-0.0005575479
0.03775869
-0.023624126
0.04452731
-0.07478083
-0.023707112
-0.006487607
0.029915737
-0.052926026
0.0085729165
-0.027145496
-0.014443541
0.043834683
-0.07680721
-0.0399048
-0.0035571784
-0.0031235244
-0.029352577
0.07274147
0.035767905
0.010990002
0.0136398105
-0.029372819
0.09979538
0.017051963
0.08482235
-0.08893746
0.06479628
-0.003978527
-0.023514822
0.052873973
0.042838547
-0.040983297
-0.02958542
0.023604356
-0.017377358
-0.046342276
-0.056952447
0.03798546
-0.03687188
0.05074984
-0.17660233
0.14804335
-0.06711534
0.12949958
0.068015575
0.015143492
-0.03891758
0.032529607
0.00014103328
0.110105015
-0.08275318
-0.051252626
-0.028329032
-0.06723597
0.0015635
-0.011935262
0.009376488
0.043180764
0.0818602
-0.084132314
0.031884618
-0.047652964
0.07276097
0.029467877
0.05236548
0.019522881
-0.051392213
-0.071131654
0.055245385
-0.038970232
-0.023041477
0.057388853
0.08304623
0.16950254
-0.07424277
-0.040766973
-0.0077320444
-0.050597955
0.09032499
-0.017430631
0.04308845
0.073231325
-0.0104186125
-0.081103556
0.008348181
-0.028905002
0.037283815
0.127496
-0.025406417
0.046115186
-0.037297197
-0.13804363
-0.058283042
-0.027665572
0.05234639
-0.044635303
-0.01792958
0.04799243
-0.09818237
0.13256618
-0.05005852
-0.14683029
-0.020522874
0.041119594
0.00073043257
0.027718375
-0.09235956
-0.03253399
-0.038972594
-0.077606894
0.054814342
0.027472405
0.01609505
0.028261282
0.19382235
-0.013371097
-0.040228106
-0.030281464
0.20666659
0.078247815
0.10732034
-0.023758182
0.032849725
0.09765817
-0.16118985
-0.043818098
0.2041622
-0.03349771
0.008546553
-0.088667445
0.028937828
-0.192434
0.120813325
0.024586879
0.2592743
0.09860465
-0.08738328
-0.01933755
0.016770644
-0.04019041
-0.0608629
-0.050707407
0.09084577
0.05841724
-0.039400343
-0.061479677
-0.08868722
0.12209349
-0.065641165
0.110145204
0.06607269
0.027005462
-0.10559598
-0.13749577
0.013579219
-0.0019643062
0.019278962
-0.0180047
-0.026450433
-0.020122562
0.02923792
0.094554774
-0.09843331
0.089617066
-0.06729561
0.000847564
-0.032558378
0.0041626845
-0.08917579
-0.015969299
0.047319677
0.13570996
-0.21968226
0.05892301
0.10135825
-0.051062036
0.24313931
-0.006664301
0.06344649
0.052778333
-0.004187646
-0.04059262
0.056321513
-0.121961914
0.08813214
0.03198371
0.13086739
-0.07705571
0.013711268
0.011132041
-0.12000722
0.019013504
0.039653905
-0.05130427
-0.12607509
0.10881017
0.11029312
-0.059125062
0.25530204
-0.020316996
0.14146073
0.076110795
-0.16103636
0.13933274
-0.030081978
0.17785227
-0.044452373
-0.028078131
-0.05372275
-0.019710986
-0.12582317
-0.084374115
0.10166038
0.05196095
-0.078815274
-0.05999486
-0.047758196
0.06655818
0.087359324
-0.00066366396
0.13995422
0.10945937
0.0490194
-0.042336028
0.102679476
-0.05332711
-0.018095445
0.032418914
0.050995544
-9.9790916e-05
-0.100351416
0.12179456
0.1826887
0.11944669
-0.16142729
-0.083656274
0.05155117
-0.010312746
0.23913135
-0.055070244
-0.012963622
0.03963551
0.030081704
-0.09084907
0.049772464
0.029114958
-0.1169363
0.123610534
-0.069189176
-0.14684875
0.1985338
-0.091456234
-0.119951546
0.10414799
-0.10847606
-0.00087709835
-0.15326343
0.011236178
0.054733764
0.025837535
-0.0014543247
-0.06268643
-0.078478955
-0.29226455
-0.01933508
0.18147507
0.089550264
0.037870683
0.016110552
-0.05133276
-0.15452148
-0.13512541
-0.014755952
0.01533503
0.039970756
0.17851676
0.049611308
-0.023888076
0.08452144
0.06882948
-0.072471544
-0.026590802
-0.07009211
0.023379926
0.19064249
0.014582372
0.00743084
-0.071850315
0.11233809
0.06745209
0.03156439
0.13256223
0.13352633
-0.0011491805
-0.015507293
0.020717114
0.10647813
0.028210375
-0.038151372
-0.033183876
0.14547275
0.12723453
0.044861205
-0.050175432
0.12358304
0.08011496
-0.004432499
-0.118615404
-0.06772518
-0.11566433
0.042170864
0.010823236
0.08301886
-0.07895304
0.012897473
-0.008131128
0.06424804
-0.05971044
0.028480308
0.025365282
-0.08812761
0.039445173
-0.008944604
-0.044064235
0.046099257
0.07025514
0.035300028
-0.042262997
0.037333973
-0.04870822
0.004563582
0.04253991
0.026243608
0.002924093
0.053807285
0.016737435
0.018113768
0.10572591
0.064390294
0.035623573
0.041994605
0.057194013
-0.016262367
-0.0031761604
-0.039449107
0.045382712
-0.04363384
-0.048550908
-0.08697977
0.03655547
-0.19264747
0.15837084
-0.051647015
0.055654664
0.0741997
0.0890939
-0.04829959
0.00658057
0.12241893
0.039081126
-0.04731043
0.02785947
-0.12535739
-0.12366941
-0.054355517
0.09263607
0.09539691
0.022035124
0.058347628
-0.007107208
0.029615263
0.08541863
0.017185917
0.09035342
0.028118655
0.0047484557
-0.025657505
-0.028436143
0.20081885
0.016038183
-0.07012803
-0.11331137
-0.01335939
0.06330681
-0.1595806
-0.14574656
-0.01057862
0.07928729
-0.039900996
0.113556564
-0.06648332
0.039111212
0.013687179
0.11516206
-0.00036387486
-0.08975225
0.20665553
0.12146259
0.09108625
0.17120038
-0.016679136
0.08631693
-0.039416112
0.17704707
0.103481784
0.043760613
0.024523538
0.10489453
-0.1256623
0.04094753
0.11597401
0.13125986
0.14659852
-0.017890574
0.006391824
0.06754828
0.014730951
0.0487323
0.086676665
0.06779951
0.06495682
-0.04546757
0.04685526
0.0019258695
0.005898246
0.043713983
0.07292384
0.055227935
0.15250511
-0.005334189
0.16933195
0.00043686858
-0.04121344
-0.0016855246
-0.13767573
-0.03732133
0.10390319
-0.0073077176
0.11531082
0.008799421
0.14327583
0.06391671
0.071573764
-0.07499052
-0.02152564
0.046484467
-0.10734953
0.03917213
-0.08934069
-0.023473687
0.09491876
0.01307317
-0.048782907
-0.061285745
-0.1026009
-0.22446494
-0.01819481
0.052766234
0.05302363
0.17500126
0.04979925
0.055013094
0.21766935
0.049723435
0.06643913
-0.055808585
0.014890851
-0.13005833
-0.033218056
-0.027601298
-0.17732027
-0.010553083
-0.100645415
0.028179387
-0.080051646
-0.008240051
0.07604797
-0.04865028
-0.0806214
-0.06681764
-0.06948968
-0.042691868
0.013672469
0.07690151
-0.014963918
0.023814488
0.14684148
0.05112821
-0.07430838
-0.0012821842
0.09958424
0.15126505
0.06621476
-0.01907748
-0.07805346
0.024960428
-0.010669865
-0.010920079
-0.028722502
0.024504839
-0.08977535
0.015632309
0.05735586
0.08762481
0.057593666
-0.00217501
0.048790243
0.023410039
0.032977216
0.016283598
-0.06564952
0.039183702
0.008784253
0.07882531
0.049145654
0.075684465
0.1096408
0.11583869
0.043010425
0.06031505
-0.0068805097
-0.083399005
0.061270565
-0.09116379
0.021934364
-0.010407886
0.03866928
0.085127704
0.008632527
-0.038926557
0.057971578
0.022321623
-0.08098297
0.058984883
0.16897018
-0.066998705
-0.04559416
0.0821357
-0.13656376
-0.09210306
0.13593599
0.059250664
0.08319997
0.029498704
0.0609936
0.06998338
-0.01581078
0.049787913
-0.063418336
4.5059922e-05
-0.046410285
0.07999081
0.028519493
-0.15264408
-0.062217202
-0.06115341
0.09345338
0.145317
0.071119666
-0.11021087
0.08502613
0.031220486
0.060808927
-0.01287104
-0.023532003
0.15720259
-0.027501596
0.036128733
0.08238852
0.09713203
0.06318775
0.043184735
0.066634856
0.09045555
-0.022258949
0.08445554
0.007504291
0.08382119
-0.09471563
-0.021661747
0.13045117
0.0081895795
-0.051701806
0.055821072
-0.06899411
0.12644304
0.1382549
0.043841414
0.025200965
0.172074
-0.13534294
0.0022074408
0.07714194
0.2399356
-0.05770356
-0.025735274
-0.19089544
0.1232337
0.045988675
0.1303975
0.0110346535
0.035989635
-0.11312576
-0.13579676
0.050118215
0.07069298
0.048401438
0.09898096
0.0046006204
-0.054177254
-0.10608265
0.09140666
0.15229055
0.1555352
-0.025081689
-0.09652484
0.17905368
0.017645162
-0.021095477
0.124561384
0.003916947
0.12214446
-0.030255206
0.025764229
0.14325266
0.26568052
0.046350796
-0.043799333
0.058059946
-0.03717788
-0.13733049
0.19772957
-0.14226195
-0.021985888
-0.030516176
-0.1908595
0.08426601
0.05157134
0.06623549
0.09014504
0.011748673
0.04557285
0.014081587
-0.033821695
0.041673657
-0.06455707
0.06414904
0.13778795
-0.030026488
-0.04096333
0.0013266457
0.1548081
0.21260405
0.043045916
0.014872113
0.08933868
-0.09183688
-0.0957322
-0.10806958
0.01824689
0.052777763
-0.062365156
-0.032435216
0.0012562663
0.16769537
0.053099763
0.1434298
0.26330513
0.022132454
-0.15458208
0.0855408
-0.0034877365
0.054510865
0.056437686
0.10464488
0.061986323
-0.046300165
0.055721108
0.12137071
-0.023685908
0.06936171
-0.03656679
0.05119544
0.069824085
0.06266731
-0.101453
0.034171488
-0.08330099
-0.027136998
0.032848705
-0.060690332
0.04891078
-0.20901382
0.1222941
0.10933265
0.036160633
-0.043745834
0.2594537
0.03552647
-0.10592045
0.05144497
0.17062509
0.107952155
-0.13991961
0.030701075
0.06259476
0.05979741
0.06910413
-0.21658288
-0.047962856
0.071454786
0.009765671
-0.05450694
0.011319883
0.19211853
-0.02401712
0.10050966
-0.042935207
0.07679737
-0.049125236
0.039143436
-0.059629217
0.19126433
0.042551167
-0.012038255
0.030497944
-0.13153991
-0.002994945
-0.17651922
-0.04987063
0.015105454
0.094100975
0.027189607
-0.064044125
0.14539687
-0.05401446
0.16180606
0.10456363
0.08153525
-0.18367603
-0.13285367
-0.019774346
-0.027401572
0.063076906
-0.061861392
0.19460711
0.06555053
0.2492421
-0.07245313
0.056092214
0.15244319
0.11790048
0.10161201
-0.12088114
0.08149643
-0.1483017
-0.03487429
0.071210876
0.01381247
-0.15504195
0.15437041
0.0491601
-0.022153659
-0.06982292
0.17060415
-0.13987325
0.1049073
0.027035022
-0.012753867
-0.12301692
-0.12694742
0.026807291
-0.059864238
0.036479138
0.0286866
0.10903693
-0.12161767
0.113459304
-0.012882488
-0.01839909
-0.07437201
-0.04641343
0.14132449
-0.019372214
-0.048890494
-0.009762668
-0.030223912
0.20955154
0.19731045
-0.06328982
-0.052720442
-0.18455844
0.090022996
0.07866359
0.014514596
0.0052667707
0.07475495
0.10460585
0.010031617
0.024836598
0.0633649
-0.072038345
0.19542396
0.03307444
-0.102359526
0.16404474
-0.14025523
0.054833166
-0.08757509
0.118614584
0.08842312
-0.044434544
-0.029701896
-0.101991795
0.21283369
-0.03795352
-0.035253078
-0.059657533
0.21103549
0.18928349
-0.15223294
0.134713
-0.011007456
-0.010605971
0.022672595
0.24818815
0.03500383
-0.07470142
-0.008498094
0.12281172
0.014929712
0.112804204
-0.14392294
-0.15822919
-0.22867066
0.11457906
0.18982837
0.13280393
-0.11378162
0.095571846
0.022665529
-0.0302173
0.14052218
-0.06686094
-0.118562855
0.12834157
-0.13426343
-0.05641796
-0.08121583
0.008482149
0.10631373
-0.15231864
0.027027097
0.078734025
0.05496052
0.15436721
0.16765708
0.013168807
-0.13132748
-0.07990418
0.10898792
-0.11184778
0.020209452
0.0010803406
0.24022733
-0.04963389
-0.056727797
0.02055513
0.08895882
-0.04147959
0.07924525
0.026486758
0.04886266
-0.08160492
0.2937372
0.003919676
-0.080610305
0.110957295
-0.17374828
0.15144691
0.27683663
-0.23987626
0.01697083
0.107575126
-0.08846919
0.15475906
-0.08020817
-0.10154335
-0.16699654
0.20537098
-0.107694596
0.038608793
0.06378653
0.010253358
0.122182526
-0.030754447
0.046687346
0.077111185
-0.11954988
-0.13191862
-0.05669492
-0.055019356
-0.09528515
0.122260705
0.03618205
0.044887
0.055337675
0.15953358
0.0019424697
0.11774441
0.15285541
0.029887807
-0.16791825
0.0035895195
-0.07972937
0.013806944
0.041079495
-0.14165847
-0.026927723
-0.1567177
0.026329799
-0.13009326
0.20082225
0.15949857
0.0629998
0.13616733
0.18982981
-0.14355668
-0.05575518
-0.06741932
0.029947577
-0.029516695
0.17726052
0.17183945
0.026684146
0.026376173
0.121331096
-0.06519808
-0.17351119
0.1496695
0.027315564
0.3470715
-0.103555545
-0.11133754
0.12925546
0.13196626
-0.019639296
-0.02728273
-0.0364443
0.042532403
-0.1857446
-0.10007923
-0.11679428
0.04506131
0.03831987
-0.34860927
0.110096596
0.19490843
0.18491726
0.031811822
0.08709417
0.15197033
-0.0065420116
0.08685606
0.054580554
-0.12078254
0.02884524
0.0636046
-0.120099425
0.054521978
-0.15689398
0.07228047
-0.024138596
0.14183678
0.33922598
-0.035568014
0.1683984
-0.015357979
0.13683358
0.1647194
-0.0049773683
0.006677999
-0.25349742
0.17000258
-0.012542397
-0.007425148
-0.13752061
-0.017818205
-0.14023794
-0.17991702
0.17018953
0.028809471
0.06322003
-0.13955334
0.08507706
-0.008091609
0.067741856
-0.0797152
-0.024080412
0.08099394
0.0063268146
0.00011046807
-0.023366693
0.010542566
-0.122404695
0.10421189
0.008269339
0.10512313
0.12028655
-0.14169614
0.202035
0.026010351
0.08366596
0.21916384
-0.10943637
0.082242124
0.022629753
0.017912095
-0.016877295
0.15830757
0.042551037
0.17186041
-0.061008405
0.066690005
0.08118662
0.004238605
0.2297271
0.056370728
-0.0379105
0.23417494
-0.04798059
-0.15005867
0.086930335
0.1095442
0.051057946
0.01803627
0.014749091
0.009792873
0.23118356
0.020163633
0.0023016
-0.10490681
0.08948659
0.10928362
-0.026503243
0.17739262
0.1024806
0.09910145
0.28362152
-0.07329828
0.10871867
0.14839543
-0.19142732
-0.07298496
0.1447998
-0.0035705948
-0.11591976
0.16307783
0.20123903
0.19270785
0.02603093
-0.11580035
0.12912257
-0.018006926
-0.09972235
0.097102836
0.0022021132
-0.029379167
0.22615424
0.07857663
-0.0011023903
0.06623642
-0.0698839
0.359013
0.07246555
-0.032892846
0.031555954
-0.13989998
-0.19010063
-0.07076161
-0.18787447
-0.0042183693
0.097568125
-0.108705506
0.014538217
-0.060272142
-0.21771714
-0.06786905
0.0033936782
-0.061158206
-0.027870651
0.024511926
0.047798272
0.1458947
0.062109977
-0.003409097
-0.046080492
0.1030027
-0.053819943
0.06420394
0.13112135
0.063526906
0.02707102
0.092648834
0.11554178
-0.18724783
-0.014989199
-0.06629397
-0.0127725825
-0.081632495
0.10907636
0.14111029
0.26025435
0.012570439
0.1908641
0.08549649
0.06163996
-0.08799438
-0.010519735
0.2852069
0.11527739
0.0031879132
0.061968442
0.113998614
-0.04238746
-0.021155694
-0.01943892
0.015767356
0.18273938
-0.13009582
0.10850926
-0.060866427
0.06895504
0.03997472
0.04710546
-0.022230096
-0.19007257
0.37103444
0.17931801
-0.07340623
0.03475348
0.06698711
-0.060665444
-0.032153636
0.03807298
0.062082533
0.048046846
-0.10070911
-0.1406185
0.37685493
0.04703639
0.08847865
0.12338009
-0.0045274245
0.032007392
0.06089583
0.042609796
0.06974014
0.15789962
0.08095892
-0.07290872
0.044289056
0.02565864
0.18150596
0.050574698
-0.039341964
0.015476665
0.08064945
0.24147435
0.17463076
0.034523543
-0.041401148
-0.07322594
-0.018087061
-0.03815944
-0.025735838
0.15231836
-0.0900603
-0.062341854
0.042594824
0.20693552
0.113957316
-0.010636733
-0.018032558
0.03066666
0.008085519
0.046580892
0.1416758
-0.03223263
0.14637436
0.17648846
0.05780418
0.13283965
0.21051136
0.029729594
0.17498226
0.064756595
0.008242814
-0.05990878
0.04261903
0.00735112
0.17158437
0.11329451
0.09332981
-0.051890608
0.080991045
0.056832634
0.05569813
-0.10508411
0.14286023
-0.061813727
0.07550349
0.023599477
-0.041508686
0.035887383
0.25056013
0.09107927
-0.0076319496
-0.011100228
-0.20011301
0.057145186
0.28374252
0.42677462
0.08700217
0.10871119
0.17322801
0.20056693
0.035541456
0.0031781148
0.03846666
-0.03593179
-0.012957597
-0.17046498
0.0692369
0.19378729
-0.15136048
0.20875998
0.07462222
0.048030354
-0.045296013
-0.06190069
0.09592268
-0.11978906
-0.066386074
-0.08282607
0.008530212
-0.123187006
0.054618925
0.10046827
-0.16727935
0.30086297
-0.03436917
0.17371754
0.12803057
-0.013399122
-0.011097834
0.095516495
-0.040968783
0.1975674
0.062856704
0.3028729
0.059945494
0.049473286
0.02978411
0.04416017
0.024877477
0.042217866
0.05464084
0.11835045
-0.16485867
-0.035927664
0.020003747
-0.08702623
-0.017056644
0.23272137
-0.010896437
-0.03352637
0.102347024
-0.12515461
0.01169292
0.19613446
0.20671593
-0.079927474
-0.004324956
-0.0027104854
0.029711591
-0.028010514
0.09118708
-0.021606492
-0.053904165
-0.02203466
0.21355979
0.25588357
0.27323338
0.1371135
0.001400131
0.09281566
0.27116036
0.13883817
0.030751642
0.00514406
-0.009252626
0.16005994
0.18727906
0.118034266
0.12715288
0.03703784
0.10010424
0.15498845
0.26067168
0.29070318
0.12676674
0.06765956
0.21422838
-0.014644428
0.4370174
0.25586522
0.10624653
-0.019268481
0.167957
-0.12903349
-0.014545075
0.11708349
-0.015303917
0.044966232
0.110497445
-0.0476323
0.17761785
0.041211747
0.004066513
0.19491953
-0.1353075
-0.0038804275
0.059699524
0.0083517255
-0.042657346
-0.037795812
0.046621386
-0.04637022
0.17558812
0.11141583
-0.16547653
-0.014606411
-0.12682311
-0.028838914
0.27463943
-0.005541288
0.037458878
0.07212611
0.29602876
0.29080042
0.062297314
0.018498676
0.099808335
0.18527389
-0.047666483
0.0121980375
0.06845511
0.15306725
0.067446925
0.07618035
0.20688143
-0.0070866174
-0.057826318
0.024955308
-0.08089766
-0.04533943
-0.013146019
0.19959979
0.105734274
0.15040727
0.18996505
0.15975969
0.15829547
0.09847191
-0.12860101
-0.034107525
-0.05625798
0.22141424
0.3906516
0.18103297
0.13613676
0.14927515
0.077608265
0.21873268
0.1779031
-0.07393054
0.2554774
0.07930536
0.13951062
-0.087779865
-0.061937466
-0.021687822
-0.0061176615
-0.05972482
-0.014285351
0.17301843
0.039605025
0.0662102
0.14800394
0.035757802
0.0982869
0.06454015
0.028940279
0.16378604
0.06287459
0.3108999
0.03964571
0.2262149
0.15927443
-0.18632814
-0.10842368
-0.060117777
-0.0162102
0.028238215
0.04775016
-0.13816787
0.06626627
0.02423819
-0.040389847
-0.0069445553
-0.032715593
0.16937682
-0.16306521
0.049450196
0.250727
0.22544104
0.114576645
0.15231657
-0.2686285
0.01828027
0.3142184
0.20091587
-0.014424548
-0.120922446
0.033607215
-0.008584388
0.16249603
0.11176966
0.08274362
0.34132314
0.023519175
0.10147985
0.07242683
0.0042203357
-0.03680371
-0.10731337
0.33483508
0.03906317
0.1466631
0.08824118
0.1312492
0.13472208
0.02477416
0.13183719
0.13114573
0.036508285
-0.18052699
-0.06340223
0.01409079
0.025232092
0.06483758
-0.0383941
0.041777693
0.15506932
0.086147696
-0.045402244
0.13936871
0.02943223
-0.029029038
-0.10286221
0.062131997
-0.07689756
-0.15052128
-0.005196399
0.11246623
0.028269155
-0.19989634
-0.16966094
-0.03558026
0.054622337
0.034738243
-0.0038388278
0.053732857
0.26703957
0.060232796
0.234554
0.10411498
-0.03811653
-0.12608305
-0.018852675
0.20919007
-0.04808837
-0.059624214
-0.09121015
0.18192905
0.04129039
0.075348385
0.21471953
0.0071720234
-0.071182474
0.02616944
-0.055758405
0.41138244
-0.01702047
-0.07517859
-0.039817896
-0.061092574
-0.11799783
0.24248943
0.16170706
0.28774378
0.4038139
0.20828398
0.007975537
-0.0017072352
-0.00041335257
-0.004413782
0.04990554
-0.055760898
0.1013999
0.1561326
-0.074650586
-0.03353275
-0.049881194
0.21420553
0.24972905
0.27368993
0.06442596
0.06954589
0.014553219
-0.021336162
-0.0032494208
0.35676035
0.14022379
-0.17233297
0.37526712
0.25852555
0.07812107
0.16769002
0.030804694
-0.11791638
0.108989194
-0.003354708
0.24208999
0.013500583
-0.1437906
-0.09708473
0.07245519
-0.05870619
-0.09653052
-0.08791888
-0.4304917
0.0513544
0.4037511
0.016024876
-0.022741001
-0.09862161
0.13690463
0.084221
0.1891015
-0.0033813156
-0.038478307
0.017547393
0.06488079
-0.09056498
-0.012053723
-0.22881909
0.10037278
0.07026588
0.14543177
0.06975757
-0.0064658173
-0.18904124
-0.102659106
0.04325558
-0.1760882
-0.0067340937
0.11622823
0.21912271
-0.05627978
0.17467804
0.048440848
0.13636574
0.15176217
-0.13952348
0.28861654
0.22576463
0.014163022
0.074042566
0.05263741
0.23346014
0.21877189
0.09859766
0.06911701
0.020666422
0.020781493
-0.051073544
0.36774316
0.034712937
0.045789126
0.12169187
0.051979452
0.05744899
0.00032483233
-0.054223884
0.1420442
0.23102203
0.1665854
0.0701575
0.016932774
-0.038581368
0.018161442
0.310122
0.18852729
0.055860754
-0.044604596
0.22201861
0.0952863
0.24109738
0.19964084
0.016316006
-0.12200905
0.048350453
-0.009819282
0.0797703
0.10749434
0.16096291
0.068170816
0.102010794
0.13539268
0.25217846
0.19506384
0.36213008
0.32142228
0.21311235
0.054562923
0.21086664
0.19132446
0.040804245
0.30612826
0.043714836
0.017733503
0.03700571
0.057081666
0.2553672
-0.13301733
0.028287908
0.08860639
0.0869145
0.04927723
0.28270394
-0.034203406
0.24755049
0.021668022
0.08674364
0.026167067
-0.03568058
0.15933476
0.100721575
0.18489115
0.40357623
0.0800314
0.07563815
0.2083846
0.09476237
0.26358703
0.2096581
0.12690558
0.16620226
0.074675016
-0.030704563
0.15146469
-0.025949923
0.08672709
0.13959487
0.07179707
0.05412455
0.15000655
0.2310847
-0.17288575
0.17607743
0.035460114
0.26091588
0.04831345
-0.023935506
0.18158099
0.13725626
-0.19170386
0.054764878
0.29276884
0.12811594
0.1816411
0.2653706
0.19341828
-0.05852693
-0.0101945475
0.083912626
0.3418522
-0.11207977
-0.084495716
0.025635589
-0.032258347
-0.035534117
-0.1284526
0.11133155
0.07915848
-0.08728402
0.10480161
0.085421614
0.13374251
0.26584336
0.054782797
0.17847899
0.2428543
0.096731454
0.008446837
0.061983168
-0.2021828
0.057344664
-0.05644588
0.09494418
-0.0014721225
-0.15183611
0.18716851
0.0460031
-0.0149239795
0.029858349
0.22559707
0.16567045
0.17336474
0.11181845
-0.0864181
0.13262247
-0.13013381
0.10478152
-0.058127373
0.011994018
0.08234994
-0.06579039
0.22886531
0.026621457
0.033638433
-0.10156604
0.21114765
-0.10049252
0.40197363
0.208912
-0.10384291
0.025060562
0.3062983
0.2485052
0.21256155
0.06117586
0.019622125
0.20966326
0.08260494
0.08975721
0.18356878
0.20076323
0.4071351
0.3267336
0.07524929
0.17218472
0.08447465
-0.17459963
0.2010677
0.15274763
-0.035318807
0.15970802
-0.13810399
0.21660846
0.08946371
0.3118613
0.1956569
-0.06378135
0.048866447
0.105688184
0.14547263
0.03105173
0.3166732
0.22898024
0.1786954
-0.16497964
0.106281154
-0.13825393
0.2049123
0.20230024
0.08647894
-0.012482093
0.27762136
0.24333653
0.12939057
0.17339249
0.2633347
-0.0091013415
-0.046987
0.13114223
0.33038178
0.119009696
0.037951794
-0.050742965
-0.1615709
0.030193912
-0.17583703
0.10654435
0.3345408
-0.0059570423
-0.0013247556
-0.027794689
-0.030190106
0.0657123
0.044133015
0.093879506
0.13214022
0.18425721
0.24286355
0.0042018224
0.19753227
-0.00012705495
0.017386422
-0.00584968
-0.16612843
0.1411206
0.09286457
-0.015298087
0.09709411
0.12291162
-0.14758517
0.12283593
0.1776556
0.09811042
-0.15385951
-0.17581472
0.008713621
0.058168996
0.012356251
0.17700072
-0.098991126
0.21228856
-0.03334622
-0.04761788
-0.080618136
0.27434358
0.027892273
-0.1205293
-0.18989912
-0.10882078
0.2177702
-0.11162313
-0.40878507
-0.2114941
-0.281489
0.017075393
0.09853753
0.05268033
-0.22276862
0.3011126
0.040403903
0.22168335
0.082935765
0.17221594
0.22557108
-0.01282162
-0.027194142
0.060431305
0.25025555
0.19848987
0.0010674293
-0.055511087
-0.01573768
0.1536145
0.21481405
-0.12433826
-0.043303434
0.17249599
0.2829521
0.1573562
0.15351921
-0.12892126
0.089288466
0.15133043
0.13184339
0.10454149
0.18239567
-0.0065657916
-0.32868522
0.0014319406
0.2616245
0.18408392
-0.23478395
0.21364644
-0.02983457
0.14334168
0.16546315
0.19674096
0.09015629
0.03525891
-0.026787952
-0.039013218
-0.12703483
-0.080121726
0.08566267
-0.04892108
0.04379502
-0.084059626
0.19553207
0.23416747
-0.014992363
0.2594376
-0.08930229
-0.12586604
0.16706651
-0.088358134
-0.08611725
0.095525526
0.10013525
0.20436662
0.1383878
0.044183645
0.3683298
-0.05567414
-0.16622049
-0.098022126
0.4853051
0.040603522
-0.074257344
-0.05077941
0.111317456
0.024865333
0.12912941
-0.07850273
-0.11801377
0.13072424
-0.16268285
0.05738708
0.09587257
-0.101680584
-0.07810092
0.028582616
0.16082922
0.021537758
-0.01421732
0.01388062
0.2539415
-0.23985106
0.26922435
0.1805251
0.18705302
-0.12094546
0.07191954
0.2102999
0.07376801
0.046541207
0.26714936
0.19581316
0.09973901
-0.013153351
0.17083795
0.12219263
0.32343993
-0.10293633
0.1822728
0.07311236
0.02303269
-0.040800348
0.10811393
0.06814202
0.2267914
0.18752211
-0.037679195
-0.01118276
-0.04736693
0.0845215
0.4151445
0.2211837
0.045583658
-0.1251492
0.22215268
0.0157713
-0.16726422
0.23237585
0.00892496
0.23072027
0.2943601
0.06324349
0.12705933
0.31074494
-0.07792926
-0.0016710813
0.26673272
0.038310774
-0.093942374
0.12603815
0.18937828
0.0022407859
0.09735982
-0.0401727
0.05832683
-0.01808979
-0.013814646
0.10023565
0.2755652
0.15542467
-0.021805508
-0.07756213
0.05057967
-0.23388179
-0.10093049
0.14552787
0.076607995
0.089232
0.0055734897
-0.08070325
-0.060295995
-0.1746735
-0.051613424
-0.029259937
0.19738953
0.23755795
-0.08758322
-0.14958674
0.063598566
-0.10012708
0.081362605
0.33756855
0.37621847
0.1250228
-0.055948492
0.21409303
0.13557531
0.0019289659
0.18989183
0.11389752
0.16924967
-0.0037126304
-0.20098904
0.041994084
0.34066245
0.079149395
-0.017936349
-0.09083013
-0.015108453
0.12701517
-0.18744507
0.23668051
0.13649367
0.072527036
0.19883083
0.20560054
0.34635583
0.13298878
0.06432694
-0.064226024
0.00153424
0.0023146027
-0.2080245
-0.02282615
0.24998982
0.15744121
0.104275286
-0.13266775
0.024837581
0.03981354
-0.11943065
-0.10627056
0.07849719
0.17533618
-0.03627883
0.41319567
0.3067715
0.015097482
0.31458402
0.038164303
-0.14849521
-0.18179385
-0.0036784809
-0.056253325
0.1152265
-0.066012695
0.15723673
0.05482119
0.32976314
0.021282367
0.51593393
0.26677838
0.19089279
0.33480337
0.0064464803
-0.105217315
-0.08902026
-0.075970374
0.018422337
0.19922741
0.15595205
0.22664264
-0.39607146
0.13651265
0.038483877
0.08522858
-0.018418536
0.074921444
0.22390561
0.3996843
0.23021434
0.023290362
0.23451228
0.101252034
0.08537256
0.30806097
0.31815705
-0.18056624
-0.06680818
0.37857237
-0.099225506
0.00080021756
0.34153235
-0.022966515
0.009867713
-0.25208697
0.2213246
0.32796496
-0.0039090435
-0.024411837
0.43634832
0.2839451
0.264243
0.3601491
0.19600543
-0.078223445
-0.18567188
-0.019061528
0.12529206
-0.05438115
0.019320725
0.078751765
0.031881753
0.13800162
-0.0055330563
0.08416552
0.06962355
-0.2978614
0.13592696
0.085900575
0.2482563
0.13566688
0.22296399
0.07206991
0.08506746
0.11630665
-0.09608051
0.07499523
-0.09084563
0.035287037
0.050789155
0.025370771
0.42847905
0.03407555
-0.014244224
0.21094038
0.19624025
-0.0462774
-0.021486113
0.26576403
0.15797502
0.12646066
0.22848922
0.50300384
0.17684186
0.09562349
-0.09923732
0.08691953
0.14742742
0.010003867
-0.058313
0.012104674
-0.076245576
-0.08696249
0.012366776
-0.09825867
0.17302166
0.23963732
0.45312956
0.06260474
0.38120875
0.015535673
-0.009408507
0.09829119
0.13557339
0.13518776
0.22342266
0.46370557
0.21141705
0.07075685
-0.08822492
0.13227163
-0.04130437
-0.18811217
0.020306198
0.3022059
0.036967218
0.10885583
0.034239016
0.13790357
-0.044077475
0.05922719
0.1954713
0.22855428
0.017926779
0.026592724
0.14365569
0.18060283
0.28569916
0.19878715
0.48479432
-0.019525807
0.07372399
0.04955464
-0.15316258
-0.02286006
-0.03833671
-0.043090425
0.12053136
0.039161485
0.3152418
0.28679946
0.042228784
0.08676901
-0.08655878
0.1343088
0.08960194
0.38639528
0.102763265
0.11711438
0.13113095
0.18712752
0.1066619
0.03666864
0.15575728
0.25059777
0.20648506
0.2568241
0.33746472
-0.08647615
0.42663538
0.20074372
-0.021321345
0.05413804
-0.04135233
0.15560395
0.18168767
0.34038118
0.11823497
0.0032324758
0.034290332
0.07101862
0.5551688
0.13476652
0.21676715
0.5737601
0.1345548
-0.11025213
0.16979969
0.056115303
-0.013260427
-0.038312778
-0.041703407
-0.048523743
0.011921184
0.13461788
-0.14761157
0.108313866
0.22584803
-0.073304795
-0.34353536
0.28467488
0.2145812
-0.04905786
0.07035366
0.08508944
0.13409963
-0.056847893
0.06432487
0.072205976
0.19169633
0.14009514
0.27116597
0.31513786
0.1010669
0.011317875
-0.15023495
0.3606565
0.13517141
-0.057510696
0.21151668
-0.17427137
0.13375625
-0.03224435
0.04890413
0.4356251
-0.0049214168
-0.2807807
-0.04134679
-0.120882794
-0.02615896
0.0053213616
0.011401121
0.08136272
0.27170742
0.029382445
0.085794814
0.37129173
0.21119131
0.20409527
0.10569542
0.25754318
0.13264354
0.029144714
0.13124765
0.1440117
-0.04920031
0.16945915
0.07087238
0.07194924
-0.0796498
0.22347301
0.07712697
0.16633666
-0.03733346
0.2018262
0.2092608
-0.03428736
0.02464456
0.2929273
0.10095889
-0.14751625
0.030844199
0.22645876
0.026634865
0.1408985
0.02293606
0.091608696
0.089199804
0.46142617
0.18865085
0.21673861
0.03683093
-0.016486313
-0.2213285
0.04081329
-0.025910309
0.22484635
0.21565
0.108298376
-0.025850087
0.2148831
0.38370156
0.11217735
0.04955799
0.06067358
0.26996303
0.0511233
0.28229448
0.1759344
0.28230485
0.0056540673
-0.17471153
0.07779869
-0.060751114
0.09025941
0.00027694475
0.14202927
0.10282162
-0.2816905
0.1878086
-0.05832523
0.0781162
-0.049595375
0.24271211
0.15886334
0.06628353
0.28880292
0.0490953
0.21999584
0.24310644
0.25042158
0.07515163
0.16994423
0.56944287
0.008980479
0.107365385
0.13273342
0.24470705
0.0872515
0.03614311
-0.10685743
0.11790446
-0.13763951
0.0371923
0.159026
0.019308329
0.3397525
0.2803235
0.05043717
-0.013120836
0.15642297
-0.26134136
0.05528099
-0.07376172
-0.11355024
0.3876289
0.21283653
0.20140167
-0.17838888
-0.008256606
0.03416759
-0.064254135
-0.003875374
0.23845668
0.033638112
0.19281527
-0.14810726
-0.08470485
0.057449136
0.07305069
0.32789564
0.058399364
0.069832325
-0.1518433
-0.1304737
-0.31929314
0.20233202
0.27363434
0.322426
-0.021932261
0.17119224
-0.1344603
0.16272485
0.09850238
0.019914519
0.071157664
-0.10203903
-0.17909224
0.0643366
0.13388807
0.09435041
0.0670993
0.01197629
-0.18422326
0.37301597
-0.20827363
0.22168942
0.23100948
0.14092204
0.13893075
0.4244027
0.065599196
0.10560103
0.031417083
-0.0064574326
-0.23836838
-0.10721739
-0.016904224
-0.035387084
0.2525372
0.36182207
-0.033844627
0.014890124
-0.105008915
-0.08502927
0.038450226
0.23331335
0.21840282
-0.036807187
0.050248303
0.31396723
-0.007173963
0.5749429
0.23710893
0.0053531523
0.12038526
0.014307203
-0.063554175
0.028936822
0.34406164
0.20004328
-0.026364885
0.14838189
-0.029059168
-0.00046814833
-0.018458067
0.31975266
0.014477725
-0.023773689
-0.053826872
-0.007085036
0.229131
-0.11713532
0.18355274
0.31264582
0.048745077
0.43220577
0.16425027
-0.13397732
0.23393047
0.31148112
0.5746853
0.30673
-0.032716878
0.057326518
-0.090416804
0.32981154
-0.27254948
0.08824319
-0.13496836
-0.114947975
-0.021534938
-0.07530004
-0.0023402653
0.036144067
0.14685267
0.06839526
0.016036386
-0.53850543
0.057991296
-0.0862156
0.12025871
-0.0170813
0.08480144
-0.0071217273
-0.013362059
0.12487264
0.051920164
-0.030737055
0.38545537
0.071517564
0.053030487
0.005505176
0.09115529
-0.048267607
0.10401581
0.13004811
0.17771722
0.08630109
0.08016326
0.21348594
-0.0004811625
0.27763855
0.057838067
0.038354635
-0.07752064
-0.036023334
0.3718303
0.39481547
-0.19612655
-0.12213183
-0.005319597
0.035285026
-0.06531817
0.33914056
0.06527871
0.12891966
0.10593938
-0.07627627
0.45063612
0.04256427
0.051086552
-0.010440091
0.20732096
0.39774027
0.015578713
0.08318637
0.06503135
0.055657387
0.16012162
0.2730029
0.00087162596
-0.028225543
0.2608406
0.10054228
0.021599265
-0.041723333
1.3345724e-05
-0.0016460742
0.01882673
-0.18380527
0.0130781755
0.10731744
0.09390792
-0.06449285
0.07676822
0.30514073
0.13157777
0.15047231
-0.058829278
0.13570593
0.04036889
-0.083219975
0.037124302
0.15703186
0.38850272
0.07899878
0.289616
0.34250602
0.04188002
-0.10808278
0.0031624183
0.079868026
0.5177102
0.13507804
0.44031224
-0.099301025
-0.0026112378
-0.016763708
-0.05660227
-0.124666855
-0.05582667
0.22684753
0.13822176
0.33694503
0.29027966
-0.029811254
-0.27157223
-0.031291164
0.0060315738
-0.22647144
0.10890205
0.124283746
0.1564432
0.056136537
-0.008032403
0.14222024
-0.2595074
0.09532891
0.024798239
-0.058517624
0.30689988
0.37680393
0.22975172
0.050890133
-0.0806251
0.1849063
0.34062397
0.4010814
0.07172562
0.04369798
-0.01648347
0.30641928
0.5588466
0.15009502
0.094742924
0.34858435
0.0011184341
0.08673011
0.08210705
0.39876148
0.036656976
-0.12776135
0.24842955
0.01994906
0.29152644
-0.19483654
0.23038559
0.054425593
0.095404826
0.32636774
0.054288406
-0.08027888
-0.045629192
-0.021065459
-0.008935477
0.057835516
0.14726762
-0.048438784
0.19910835
0.27298245
0.15430096
0.027582632
-0.10237442
0.41421714
-0.03090486
-0.15474619
0.040102918
0.2758743
0.062219553
0.0338225
0.059142396
0.110818475
0.22307526
-0.059292994
0.17584972
0.20576598
-0.0318042
0.2309307
0.10898139
-0.11974374
0.04665661
0.21093802
0.010965978
-0.1350947
0.3634874
0.062469605
0.04085511
-0.09533849
-0.060863875
-0.12964621
0.05105783
-0.13812347
0.104831085
0.07634724
-0.17025454
0.3432053
0.47606245
0.1287501
-0.0999129
0.05982657
0.27599636
0.22607884
0.28124568
0.5836136
0.03288943
-0.04036857
0.07606779
0.18403922
0.13661139
0.046717837
0.044081833
0.46706915
0.18055598
0.06321634
0.084786534
0.061755322
0.12413248
-0.0086282585
0.34255102
-0.050412126
0.14937803
0.3811685
0.028700821
0.11256352
0.0951329
-0.023724323
0.40232742
0.19130808
-0.056185503
0.08272215
0.21123745
-0.004779179
0.33341548
0.26288876
-0.06016235
-0.11282529
0.27075425
0.04882843
0.38425955
0.1983664
-0.21893173
0.2728962
-0.05803423
-0.049496304
0.1928094
0.21142983
0.14726996
-0.103432916
0.07917506
-0.13421972
0.34177005
0.05021046
0.046403784
0.0071264794
-0.043914653
0.048290197
0.05628823
-0.14174658
0.10307271
-0.009361793
0.044108585
0.13827191
0.33229145
0.007628869
-0.212435
0.41400617
0.13610333
0.2713211
0.18536276
0.43184552
0.08918276
0.045222137
0.10530408
-0.2115733
0.08646625
-0.12728858
0.3343199
0.056244217
0.37467253
-0.16658768
-0.08914683
0.19500142
0.29172298
0.41176736
0.4247899
0.36632147
0.017425537
0.23358454
0.19948186
-0.013250193
-0.06575875
-0.2306844
0.16215563
0.10445694
-0.037891485
0.1737164
0.16706866
-0.11056758
-0.077860996
0.21928303
0.17778213
-0.06807653
0.11955839
0.15665793
-0.004479011
0.27744752
0.080265395
-0.05731401
0.36118582
0.13026947
-0.009401137
-0.16788827
0.16971758
0.18247986
0.18312211
0.17550278
0.22960892
-0.18948306
-0.007987808
-0.025421843
0.105651
0.061906893
-0.07037441
0.10767798
0.21019064
-0.21441355
-0.062256906
-0.04346699
-0.004557637
0.38672295
0.06688267
-0.1491872
0.21060932
0.36418128
0.087779745
0.020191586
0.12339625
0.27615896
0.3442148
0.101274304
0.084327415
0.05470245
0.12517963
0.04932711
-0.049475092
-0.1129824
0.1603549
0.16219175
-0.12947251
0.16345884
0.3258554
0.37775707
0.10954828
-0.030838028
-0.06299553
0.011031807
0.30479488
0.24001554
0.25678006
0.34709606
0.00019867675
0.13262026
0.2230347
0.08384566
-0.028316844
-0.02714857
0.073002085
-0.2677201
-0.007957566
-0.0928601
0.029869255
0.6077019
0.25558743
-0.015123979
-0.04443343
0.3857562
0.2122943
-0.12013693
0.0022165487
-0.16738583
0.41219682
-0.27974883
0.12162602
-0.09670578
0.18355192
0.57737917
0.07855113
0.010564196
0.1521523
0.020873528
0.3332041
0.1529109
0.09795991
-0.07740788
-0.41732436
-0.02896096
0.1581586
0.03211851
-0.23838317
0.40081176
-0.21269526
0.23548976
0.1780501
0.13547362
-0.010073438
0.02342083
-0.00097063277
-0.04376841
0.2960551
-0.0565255
0.35492912
0.06791297
0.064540915
0.06688529
-0.08444364
0.003785887
0.083687775
0.3491531
-0.12557423
0.40953597
-0.21815781
0.3008995
0.17910972
0.08344392
0.037623096
-0.052545033
0.0066600577
0.03807908
-0.08569471
0.20699589
0.19896926
0.2393716
-0.049623508
0.27356565
0.3109044
0.021225508
-0.110122636
0.3137648
0.24320148
0.14752182
0.21393554
0.0076832194
0.058334008
0.082016096
0.09626003
0.30466074
0.122721165
-0.07954905
0.11575189
0.079812795
0.013274735
0.05659334
0.050082497
-0.08517298
-0.021029504
0.17549941
0.14461882
0.09422696
0.33967936
0.03879005
0.33377272
0.047161967
0.36006847
0.13254558
-0.10196257
0.10759576
0.09248925
0.35425934
0.040426858
0.22253142
-0.23998968
0.03544922
-0.24582954
-0.065111
0.09523475
0.0039269356
0.4042106
0.19788016
-0.053419054
0.23488577
-0.07579788
0.01824349
0.052636184
0.07324739
0.058008257
0.139681
0.16579857
-0.033819716
0.08226598
0.3586288
0.33056936
0.22340843
-0.19737512
-0.022134604
-0.13598776
-0.086149804
-0.0055960324
0.31164396
0.25637707
-0.047945935
0.01839649
0.16581233
0.062503904
0.27456918
0.07441689
-0.05794041
0.15250872
-0.15437861
-0.15238942
0.31544834
0.081711985
0.05529825
0.3366817
0.12144768
0.30667955
-0.053676434
-0.043420006
0.12581141
0.021738676
-0.16529435
0.059740454
0.20272194
0.01790224
0.15158641
0.31634036
0.120787814
0.17901583
0.15979479
0.10619495
0.18813984
0.0045338534
0.10110764
0.054806195
0.20417032
0.47601038
0.5755622
0.020198628
0.1055759
0.15761292
0.20049277
-0.17714046
0.29329038
0.07748267
0.055974443
0.060384486
0.57338256
-0.13547342
0.26356763
0.24255022
0.23056662
0.027476171
-0.09125417
0.40334648
0.035048354
-0.038566336
-0.12664299
0.38964462
0.07666945
-0.20368901
0.08144777
0.0016801626
-0.2573262
0.03925409
-0.002781003
0.058461055
0.2215285
0.2572592
0.043029312
0.037386976
-0.0731791
-0.10131257
0.17064238
0.049451783
0.16326824
-0.18747291
-0.01683862
0.06204652
-0.18508637
0.10546789
0.18430431
0.3142592
0.38356426
0.040309027
0.18759497
0.25699824
0.2218883
0.24237604
0.03930725
0.39858446
0.38849464
-0.062372778
-0.10815471
0.34561065
-0.112257265
-0.16295008
0.45406207
0.30391034
0.42885268
-0.0396477
-0.10536169
0.4353932
0.2005086
-0.14638942
0.15478796
0.25987694
0.45064673
0.34435165
0.33777812
-0.30660304
0.021218006
0.077036835
0.4324387
0.049211465
0.15227349
-0.0630606
0.30449274
0.24651782
-0.011418879
0.23728266
0.16525802
-0.03839147
0.15333223
0.21807009
0.038337737
0.25938156
-0.05922272
-0.11641557
0.19602823
-0.031260453
0.006110892
0.013605375
0.12725022
0.11962073
0.2356479
0.015065303
0.12461417
0.0069700577
-0.15423392
0.039642755
0.119727135
-0.038947973
0.26299268
0.07895103
0.23612504
-0.039023932
0.009164637
-0.17070135
-0.013158396
0.35732988
0.20590067
-0.013921442
-0.11641085
-0.1243717
0.19162673
0.17664835
-0.15415376
-0.0039597778
0.30408087
0.038375825
-0.21821187
-0.14617196
0.18718608
0.21975102
0.5445093
0.076922745
-0.023303097
0.10515077
0.21995503
0.51758945
0.08362536
0.17770115
0.031487815
0.07958939
0.52620137
0.31150746
0.38481283
0.35075128
0.452696
0.1882673
-0.033992954
0.3197866
-0.12870193
0.20267028
-0.06730598
0.027154181
0.20947242
0.031939857
-0.049060404
0.4446491
0.30851063
0.001458411
0.011370717
-0.049248308
0.3276788
-0.0887085
0.059870876
0.01416697
-0.052123886
-0.019104991
-0.06407645
-0.0010303037
-0.25639516
-0.07063468
-0.2888427
0.0014921145
0.41258815
-0.2928579
-0.062098183
-0.059215847
0.02005357
0.1338385
-0.06737935
0.38599527
-0.008453613
0.035770554
0.1624283
-0.012545743
-0.1472059
-0.12742439
0.40032858
-0.021034539
0.35842934
0.23111704
-0.2833076
-0.0838286
-0.025277868
0.41239345
-0.080066435
-0.041026592
0.11989902
-0.07845196
0.0010819678
0.122848175
0.39744467
0.4783795
0.3602278
0.11621207
-0.42952698
0.13435993
0.10870745
0.25072345
0.3322548
0.17773904
0.27359927
0.07289463
-0.21926111
0.05342676
-0.0749764
0.29498637
0.25454342
-0.05978796
-0.22094834
0.20552965
0.45942983
0.2059903
0.19862151
-0.1850581
0.15260325
0.008709061
-0.13682635
-0.16343544
0.100614734
0.06318895
-0.23461576
0.24146956
-0.14477369
0.12081108
0.32186398
0.42752677
0.045616798
-0.12146833
-0.12358948
0.253779
0.3194987
0.0940997
0.19279478
-0.045996133
-0.118800834
0.2726568
0.16554253
0.31787515
0.013998254
0.1356992
0.28630573
0.25891966
0.37556314
-0.02468875
0.06806383
-0.077318005
-0.06430357
0.22139612
0.02470415
0.049848873
0.032281063
0.16424271
-0.041577574
0.19655192
0.00406492
0.46670568
0.16436827
0.10992686
-0.026146617
0.14767727
-0.029596874
0.21546148
0.013701733
0.078957975
0.29915312
-0.0876532
0.21358076
-0.016768007
-0.15431894
0.22838368
-0.006994181
0.0101340255
0.02229556
0.4123237
-0.0069838837
0.35385683
0.3294065
0.60714114
0.17292361
0.22814125
0.06884133
0.2388602
-0.08633997
0.34152764
-0.06450599
0.26198363
0.053366493
-0.01692254
0.1824763
0.26376238
0.28899035
0.121354274
-0.18440986
-0.16058663
0.009503085
-0.08217384
-0.08349875
0.23861536
0.01658616
-0.03566961
0.014388985
0.09421811
0.10178179
0.14903691
0.108696446
0.11235423
0.09325404
0.28161082
-0.011028271
-0.1495723
0.013024497
0.24691918
0.21471122
-0.06808458
0.28769422
-0.11968601
-0.06557155
0.12490109
-0.06945958
0.160591
-0.006957718
-0.18716054
0.20389885
0.07453624
-0.22651882
0.20468935
0.12860987
0.35979384
-0.03544272
0.15817899
0.00934783
0.017597686
-0.08432264
0.12741967
0.040837284
0.028149234
0.18262325
0.30210677
0.07553567
0.19048664
0.29375774
0.12545002
0.08185055
0.037917193
-0.12104644
0.18131897
0.30591705
-0.26785025
0.02142997
0.28346696
0.44195393
0.17136344
0.17095082
-0.04349558
0.21040717
-0.24464066
0.17496648
0.031927027
-0.18083473
-0.2570312
0.028323468
0.20779233
-0.00051565864
0.033271212
0.08755413
-0.04658107
0.3766048
0.1228687
-0.023219319
0.3228764
0.025355527
0.2060649
0.09639677
-0.0059584426
0.057120547
-0.18078686
-0.050006207
0.09363404
0.1625997
0.315344
0.2523164
-0.08123218
-0.051743925
-0.029321067
-0.03067672
0.24682267
0.22077212
0.35895416
-0.25086686
0.016352147
0.07617428
0.25725928
0.19203359
0.28290048
0.55043054
-0.034125365
0.1479499
0.1086849
-0.039869953
0.14914629
0.1073687
0.14306983
0.060115892
-0.098489925
-0.20588173
0.1273606
-0.25984213
0.16130424
0.17102577
-0.3147178
0.16706517
0.2547507
0.28222293
0.35129365
0.10060149
-0.029516771
0.22337726
0.09972828
-0.010795799
-0.021128025
0.07529869
-0.0054961327
-0.028867388
-0.06627476
0.20367883
0.07341423
0.13118556
0.153379
0.085470326
0.04821317
0.024949351
0.21134834
0.38206807
0.09987963
0.45930475
0.58157563
0.23476681
0.13831018
-0.08584165
-0.23483428
-0.20464076
0.1921393
0.008553184
0.1600014
0.33956888
0.048639894
-0.17189363
-0.009222761
-0.13172616
0.19179836
0.101932354
-0.09831412
0.52474576
0.20002377
0.074258335
-0.03596493
0.2055048
0.020005377
-0.03880166
0.1453237
0.2960121
0.12753893
-0.1235618
0.30920514
0.30300227
0.10654159
0.16557737
0.14691257
-0.0416001
0.08136779
0.06819607
0.021196082
0.045480095
0.030280327
-0.23872243
0.18889184
0.10176029
0.09164812
0.22814626
0.36490253
0.13866596
0.47019494
0.104507916
0.124247625
0.26316476
-0.11896877
0.10017201
0.18424806
0.29110178
-0.0926261
-0.022267528
-0.012215493
0.2282314
0.31487703
0.17358987
-0.12915273
-0.06964118
0.4566305
0.21363384
0.28269443
0.30663827
0.08153156
0.17911424
0.4229984
0.060698487
0.1280048
0.22524424
-0.2691055
0.19067074
0.11404151
0.06677435
-0.24612294
0.24359222
0.027448095
-0.021432562
0.088131495
-0.1560769
0.21478122
0.008727033
0.5075815
-0.03228716
0.27492735
-0.07755778
0.022287637
0.2075231
0.23609306
0.111998305
0.27576175
0.3481816
-0.16181256
-0.027348757
0.18064618
0.08222841
0.1045738
0.009337541
0.0059640296
0.19427912
0.18269044
0.0789199
0.119350694
-0.054173138
0.35877025
0.13733734
0.32050744
0.068052985
0.024493454
0.21533005
0.00034450414
0.099653885
0.23540778
0.1941828
0.4002136
0.21614143
0.08980904
0.09908599
0.1577658
0.3288626
0.37139857
0.17293593
-0.043026082
-0.3071517
-0.13782193
-0.016712155
0.023346618
0.3030692
-0.16367508
0.22088973
-0.14884566
0.104356505
0.14024422
0.1292599
0.015804645
0.13419363
-0.0068980395
0.03561175
0.18546914
0.18035357
0.07313639
-0.10091153
0.065852955
0.26218876
0.295017
0.3534517
-0.027573248
0.43374956
0.22298165
0.05149149
0.17008545
-0.31348646
0.14482665
-0.17132694
0.0037651253
-0.16021435
-0.028668368
-0.024845226
0.11870239
0.20409305
0.19883437
0.2043647
-0.2566342
-0.019121282
0.14568625
0.119084865
-0.058981616
0.29126906
0.3655712
0.14399402
0.10024909
0.08767591
0.104205765
-0.18045995
-0.06957078
0.27718621
0.10282675
0.0050118947
0.0062162224
0.00536928
-0.030113937
0.19613051
0.06326777
0.3312388
0.2710953
0.35368013
-0.090441644
0.21229842
0.076656744
0.1228108
-0.048551396
0.21301092
-0.022256898
0.4066835
0.39901325
0.06999899
0.18384504
-0.029217308
0.30699965
-0.24624664
0.20129235
-0.020309921
0.06166725
-0.10572475
0.06741901
0.60615844
0.2981305
0.18730848
0.25036824
0.3156702
-0.24123484
0.11952823
0.34350008
0.33737427
0.44898006
0.2966727
0.011531666
0.3359938
0.2756848
0.004687017
0.03578062
0.18594564
0.4211528
0.16770661
0.075368695
0.38538525
-0.02814779
0.15607463
-0.16991168
0.18843181
0.19909781
0.5528113
0.0820687
-0.07613439
0.047437485
0.0026696783
0.17716892
0.34531826
0.20920327
-0.23810422
0.32383388
0.15957376
0.07948736
-0.101654336
0.067724906
0.27806076
-0.02614817
0.10212297
-0.08405164
-0.15441743
0.05838586
0.17814879
0.13545789
0.29649267
0.5209042
-0.11970454
-0.07778298
0.33024228
-0.017945444
-0.0018623649
0.26393634
0.116108134
0.20254187
-0.0036908358
0.16858071
-0.13403201
0.07323445
0.2246386
0.099864945
0.20906791
-0.10248104
0.3570501
0.2868042
0.073096044
-0.0019203647
-0.111543946
-0.07423759
-0.11215775
0.24048015
0.14276506
0.038833573
0.28469998
0.27467412
-0.0540143
0.11531363
-0.052898362
0.0057706526
-0.10361698
0.10519874
0.27619544
-0.07972467
0.009062989
0.244144
0.27345172
0.023566566
0.10994915
-0.055118877
0.23862146
0.03800754
-0.08015735
-0.010312114
-0.0051900004
0.12276226
0.30378085
-0.21852176
0.115785636
0.19617023
-0.14705543
0.09471649
0.19723721
0.019991979
0.16431788
0.25029203
-0.10793921
-0.1606466
0.09328173
-0.100019075
0.041532625
-0.011280799
0.25320423
0.041913997
0.017067615
-0.030137815
0.104866095
0.073492564
0.08401269
0.0025276295
0.15260462
0.07646426
0.021544762
0.17737414
0.255221
0.1412167
0.22707503
-0.18907523
0.09808335
-0.097428605
-0.002311196
-0.0720652
0.35103044
-0.021287482
0.09537606
0.12194781
0.10246132
0.2279604
-0.04011298
0.43445623
0.013697015
0.10589276
0.04977194
0.008308039
0.17111585
-0.013445234
0.046578757
0.10393662
0.11899393
0.12558085
0.22632481
0.19295102
0.0876003
0.10838299
0.38898814
0.1590002
0.015363985
0.39529136
0.26196295
0.010868693
0.11738315
0.10389458
0.03816964
0.5269264
0.16904199
0.19940788
0.29341742
0.16785951
-0.036944646
0.1388923
0.2881653
0.022593206
0.31408018
0.25953296
0.059032872
-0.023123087
0.43379638
0.16679585
0.33564484
0.024010917
0.27406582
0.06689466
0.17051433
0.11591694
0.19072846
0.16056158
0.22036527
0.23045056
0.3493568
0.25535822
0.2464824
0.25067514
0.28010124
0.16588356
0.112168685
-0.15432349
0.09486386
0.23726086
0.03712
0.0709892
0.30336687
0.19018637
0.3412114
0.023066122
0.086779594
0.3523762
0.013695408
0.25323585
-0.035519045
-0.027591122
0.21156669
0.2208611
0.3104249
0.21500432
0.26554608
0.13851716
0.4449076
0.09465304
0.33698717
0.1844393
0.09645155
0.4145551
0.2817163
0.11863989
-0.040349457
0.07918898
0.1344877
-0.03821142
-0.03544852
-0.3810543
0.20413737
-0.033467554
0.21166119
0.40671468
-0.02709124
-0.17111214
-0.09085764
0.18886803
0.043461114
0.3183634
0.08383744
-0.11319752
0.24629699
0.03492467
0.032875843
0.0917099
-0.0015743838
0.41338456
0.040945407
0.24461612
-0.11901232
0.13112149
0.23453511
0.034216747
-0.03219587
0.182752
0.24442706
0.18526728
0.46072435
0.13018897
0.51476616
0.20552726
0.046910845
0.4521668
0.217804
0.09175094
-0.062934145
-0.09528326
-0.09356678
0.0076967785
0.18309689
0.3253163
0.04431642
0.027170591
-0.08510012
0.0055399467
-0.022396723
0.15500723
-0.07908585
0.07008002
0.006196227
-0.10158458
-0.19674814
-0.04736365
-0.09334504
0.0859215
0.134034
0.28333777
0.53305006
0.24439068
0.3794585
0.1593092
0.0044602803
-0.17998236
0.10063626
-0.034650125
0.5572304
-0.04311198
-0.04521379
0.17979825
0.11703542
0.17948706
0.060992822
0.26818594
0.185185
0.12547052
0.012117171
0.09691488
-0.27246684
0.25581977
0.13809474
0.22819456
0.15520048
-0.08050434
0.049716428
0.07478328
0.24832703
0.02589723
0.40528646
0.52914447
0.12899722
0.46539024
-0.09908514
0.1983985
0.27089456
-0.27646264
0.08975322
0.25658977
0.05565153
-0.005565533
0.11369728
0.13091977
0.029040704
0.24843751
0.1654065
0.22527277
0.1225321
-0.046207298
-0.018538915
-0.1102581
0.063858315
0.06663222
-0.0022556926
0.21619514
0.31974506
0.35415605
0.106817394
0.02845101
0.31237832
-0.055258423
0.16505443
-0.0009917527
0.088146634
5.004837e-05
0.22038059
-0.017845253
0.059931647
0.18306753
0.012447601
0.17977564
0.17429867
0.25852084
0.27330333
0.19512269
0.19603205
0.19381723
0.25010708
-0.013083253
0.068256676
0.08219783
0.18926358
-0.075896636
-0.1746925
0.38282973
0.2487308
0.15079868
0.25682357
-0.2951334
0.14680906
0.18766391
0.14529069
0.07466707
0.25580135
0.1787013
0.39692083
0.1258036
0.25892425
0.09314934
0.29955554
0.16384466
-0.20861168
-0.098138854
0.14032932
0.24423169
0.061606295
0.027020892
0.027360126
0.035377983
0.11966843
0.037681207
0.17492163
-0.034884274
0.019885037
0.07498265
0.05151403
-0.038302716
0.24752887
0.30593857
0.0016703877
-0.101066254
0.20913538
0.26211917
0.290641
-0.014722439
0.29849872
0.18166555
0.24367581
-0.059361536
0.11828532
0.22613041
0.3276522
0.04160888
0.23517843
0.16568972
0.3546046
0.66482973
0.14488128
0.007287337
-0.05604159
-0.05536462
-0.007660373
0.034664083
0.022251613
-0.09386544
0.05808358
0.23033145
0.05634887
0.2717577
0.0049480093
0.26030138
0.20944932
0.10566579
0.028294163
-0.072788976
0.011679757
-0.07549141
0.25038823
0.08520504
0.07523438
0.11264958
-0.06705608
-0.07809738
0.11733646
0.08965132
0.1549236
-0.13468656
-0.06632533
-0.027006768
-0.0958494
0.016370747
-0.0017750575
0.15880123
0.2688179
0.040590342
0.20608622
0.051436782
0.090750575
0.26848882
0.5295363
0.2258474
0.024707608
-0.31822783
0.05100098
-0.22235215
-0.13129269
0.033143796
0.11930183
0.18192312
0.33752385
0.057081956
0.04641068
-0.07411387
0.1331685
-0.047859475
-0.07961435
0.20101765
0.18264855
0.4652045
0.30470264
0.259025
0.121552594
0.2002771
0.027287805
0.15127628
0.015902592
0.105608135
0.1126049
-0.047319066
0.22155252
0.19030213
-0.32737812
-0.13442066
-0.0184585
0.007658022
0.19310515
0.093180664
0.23634784
0.20919147
0.092465736
0.21022674
-0.17962378
-0.012744175
-0.007224785
0.08154553
0.12229274
0.025426479
-0.08408137
-0.011045565
0.15245028
-0.28017402
-0.008765511
0.41650194
0.07735148
0.17546634
0.17246166
-0.031480573
-0.07595551
0.20717002
0.118415564
-0.0069776806
0.041551754
0.3832239
0.08422344
0.08131366
0.092211954
0.11766629
0.07196622
-0.1739386
0.1311297
-0.016085172
0.19076279
0.20882459
0.09633975
-0.16227633
0.14230222
-0.013871199
-0.031841986
0.46302417
0.19523133
0.15209891
-0.09411449
-0.01741655
0.043769184
-0.16789776
-0.21728908
-0.09848919
0.5051513
-0.026406106
0.24154451
0.23113419
-0.11185061
0.057529528
0.122305006
0.3124228
0.07740296
0.3448204
-0.32266814
-0.10131787
0.052244347
0.25114393
0.12297811
-0.14652812
0.2247367
-0.11258682
0.01245685
0.40540776
0.28819048
0.2022079
-0.108074404
0.20748234
0.004797296
0.074601375
0.023454435
-0.065875724
0.422285
0.11214194
0.17871411
-0.027655492
0.115855314
0.19069032
0.13398038
0.01748866
0.31468737
0.11223099
0.20357743
-0.1424001
0.16269371
0.025761161
0.06816718
-0.032313604
-0.070077166
0.13411209
-0.098978154
-0.040933415
-0.09894131
-0.00564478
0.00029715005
-0.06444903
0.09593097
-0.09741594
0.06084085
-0.026365329
0.14765008
0.29224908
-0.011290566
-0.115307115
0.23382309
0.17609696
-0.17837948
-0.0072886404
0.070909694
0.23280948
-0.26702708
0.07124894
0.0022875827
0.0264988
-0.021522209
-0.084635384
0.23485029
-0.064352825
0.23365647
0.27016273
0.0013489928
-0.18399575
0.15485397
0.21428159
0.3251342
0.16206965
0.3448254
0.17786184
0.14298278
0.4125074
0.2670442
-0.065752134
-0.11689686
-0.1537163
0.24777053
-0.24746665
0.1891915
0.31580204
0.10668884
0.5032598
-0.03497008
-0.00036360428
0.09192701
0.13897093
0.027598606
0.25270244
0.07849755
0.14007142
-0.05489799
0.11109933
0.26493454
0.20829378
0.023401221
0.51570636
0.23061615
0.09888401
-0.11461356
0.26540002
-0.15587966
0.092524394
0.14401679
0.02284618
0.24347676
0.5181052
0.050523963
-0.13880502
-0.013566618
-0.11196139
0.033975296
-0.034354508
0.25136685
0.12479442
0.53507423
0.1996812
-0.074259944
0.021491235
0.23301093
0.4730488
-0.11873539
0.059929006
0.21652578
-0.023233747
0.075713105
0.05969001
-0.22917879
-0.038686335
-0.008417494
0.1283318
-0.14533666
-0.07975789
-0.04017465
0.2379469
0.23047513
0.14796883
-0.17151447
0.08118905
-0.060051322
0.01968493
0.20283341
0.3729112
0.27997437
0.10972219
0.11132505
-0.0677008
0.20051031
-0.049978584
0.29692113
0.10116574
-0.036666557
0.13674732
-0.14128862
0.2011699
0.2647803
0.09814641
0.24392968
0.31892842
0.13094291
-0.0448907
0.017477395
0.13203193
-0.018371494
0.16022606
0.046097554
0.036521163
-0.20661381
0.1005159
0.047949113
0.15235347
0.08340846
-0.15266244
0.3863033
0.33419836
0.28354278
0.090931416
0.09191411
0.021427415
0.40233254
0.29808587
-0.161597
0.18744698
-0.050225362
-0.13604183
-0.1548497
0.30418512
0.07499494
0.03912083
0.2579409
-0.0059776343
0.20862769
-0.15678316
0.103503145
-0.068791755
0.07644485
-0.15688062
0.07962256
0.1301042
0.13421872
-0.04279544
-0.16280727
0.0022586246
0.22303103
-0.0010878518
0.3117267
0.12549281
0.01924974
0.17218275
-0.029082239
0.2614132
0.23454542
0.08666753
0.031705003
-0.08442548
-0.12133652
0.16291884
0.28969803
-0.05294722
0.44790682
0.23818351
0.297322
-0.25198418
0.24121685
0.3101592
-0.06102381
-0.21604851
-0.03358792
-0.3546156
0.122305095
0.4188778
0.110397585
0.5308749
-0.38226995
0.54475766
0.037648104
-0.13546081
-0.053954314
0.11993624
0.33854404
-0.07759695
0.207447
0.021511242
0.15879557
0.18802617
0.30552515
0.52487606
0.02439675
-0.06287654
0.20890047
-0.008133529
0.23681378
-0.07878635
-0.17028424
0.0020588161
0.2392325
0.045802295
0.029430881
0.010627191
-0.021742234
0.31798506
-0.16484746
0.28353825
-0.016958697
0.46556523
0.10160426
0.3943538
-0.06802499
0.09749959
0.18165022
0.46779323
0.09230141
0.14685984
-0.1138137
0.04480761
-0.0317859
-0.12200558
0.07474238
0.21711728
0.08242033
0.0066888067
0.54875344
0.06967657
0.25922793
0.007171486
0.3048283
-0.12447145
-0.004902385
0.28511223
0.27640104
-0.004537013
0.22212882
0.08151452
0.0017707512
0.16791321
0.026435684
-0.09360098
0.30202985
0.24669343
-0.12696135
-0.0016362355
0.12763667
0.16083933
-0.07274428
-0.054395944
-0.045631386
0.4451049
0.17370865
0.010218541
0.37143788
-0.033809256
0.030365858
0.03613956
-0.055445105
0.047114857
0.26921484
0.14225274
0.49423367
0.42538178
-0.17059095
0.16781461
0.16687274
0.3454923
-0.038812444
0.12019979
0.22115381
0.002832792
0.048894037
-0.07601536
0.02976079
0.15717565
-0.2521334
0.02405526
-0.103488006
-0.2873413
0.24093851
0.52618027
-0.152033
0.37089297
0.14469472
0.16540213
0.11408673
0.019122867
0.03893492
0.16141307
0.5771704
0.37214693
0.21300124
0.29289442
0.49574754
0.3016793
0.19226183
0.16786884
0.1281629
-0.066764414
0.3244616
0.069888696
0.36030015
0.1229677
0.40532708
-0.37935477
0.18350829
0.1393374
0.10552803
-0.061548598
-0.009023573
-0.02912348
0.14513746
0.09997305
-0.02686373
-0.09790459
0.27760231
0.030077284
0.11216434
-0.013709709
-0.034421183
0.1281078
0.008137096
0.11281897
0.018749088
0.22828664
-0.12533857
0.21627125
0.5073724
-0.28818244
-0.030153513
0.15566799
0.098697454
0.21006864
0.021611247
0.12041915
0.43874
-0.04135138
0.3285587
0.41869637
-0.025486961
-0.15747933
-0.047401085
0.06550267
0.21490178
0.65734327
0.29173008
0.02484649
0.091577016
0.13595997
0.021280434
0.17652851
0.03398389
0.1911335
-0.17405339
0.30296412
-0.2823392
0.08775805
0.07630986
0.026577432
0.037737958
-0.03883915
-0.04824137
-0.181958
-0.0329106
0.3215763
0.19589041
0.33669326
0.19478112
0.37019145
0.4523222
0.062393244
0.049945995
-0.059216075
0.14798108
-0.07900396
0.00012672722
0.10495358
0.058013383
0.079479605
0.44642437
0.4045698
0.056408346
0.18450734
0.15042059
0.20598505
-0.034093637
-0.054158583
-0.045876585
0.21581405
-0.122484535
0.19096096
-0.15818556
0.2249311
0.11225728
-0.030897517
0.18193835
0.35489377
0.1341698
0.087542735
0.42535266
0.2871588
0.18068723
-0.031225702
0.32273853
0.18439226
0.25509122
0.11485931
-0.098542474
0.017362291
0.08288948
0.04176365
-0.07577051
-0.04406002
0.14015809
-0.38917735
-0.1537075
0.43847817
0.11666634
0.28038418
-0.19223802
0.21540049
-0.001794051
0.34043258
0.2734576
0.21893972
0.3524335
0.16170639
-0.107113644
0.017485352
-0.07902861
0.5290353
0.46657822
0.20448917
0.30095443
-0.33509564
0.29489034
0.03228288
0.0713979
-0.0009025398
0.061338376
0.067542456
0.3664905
-0.2785518
0.060653344
0.07339878
-0.21284217
0.1649265
0.19666784
0.019585362
-0.29378086
0.058358528
0.17380102
0.082109936
0.21603602
0.0064434772
-0.22621086
0.23893769
0.18136701
-0.005850107
0.26186633
0.11226076
0.0508994
0.0727361
0.1032508
0.091247484
-0.089174636
0.5175946
0.4977928
0.20678899
0.050918594
0.16496085
0.05754665
0.23028775
-0.17401001
0.023065867
0.299095
0.27001143
0.2044471
-0.0008441037
-0.104620494
0.16198333
-0.17192213
0.27932608
0.5223874
0.32515046
0.2570559
0.29073924
0.13343282
0.31033117
0.56855845
0.06466797
0.07714325
0.06463414
0.097556345
0.15524933
0.084463224
0.09259152
0.22704701
-0.28576085
0.06698088
0.21268764
0.55324095
0.24595824
-0.03668475
0.020018129
0.0118312435
-0.39109373
0.1140714
-0.0017870923
0.37554112
0.10631403
0.237001
0.40946776
0.17810197
0.27461317
0.07465237
-0.07413067
0.27583203
-0.26558918
-0.08313883
0.20899254
0.40457278
-0.05116435
0.17114206
0.28737888
-0.20313747
0.17246853
0.0010366107
0.24382892
-0.0011863271
-0.010489778
0.34668827
0.48469004
0.11926608
-0.12858883
-0.11112543
0.029965967
-0.1075794
0.35870606
0.087537706
0.004260228
0.48011678
0.24448717
0.019320736
0.41275975
0.14451577
0.09646927
0.127553
0.06712181
-0.10169066
0.42485395
0.03823709
0.0112908175
0.035571538
-0.023094626
0.07309591
0.3719794
0.07031843
0.109391026
0.1662561
0.18050863
0.14605902
0.10032519
0.4964383
0.078007706
0.045404345
-0.002512647
-0.0046929503
-0.029990105
0.36089343
0.001472677
0.12467039
-0.081365
0.42073113
0.43520758
0.015793826
0.18561798
0.12619463
-0.0034089712
0.29213956
-0.182489
0.02856484
0.2116494
0.12540425
-0.025417645
0.30146286
0.16548762
0.05042226
0.00086693856
-0.21842141
0.49376494
-0.06470492
0.06537348
0.096577875
0.003517189
0.07597328
0.5282039
0.15132293
0.228489
-0.23613833
0.18878305
0.18825364
0.27055928
0.36718258
0.09057748
-0.1877453
0.17745778
-0.07375472
0.5945674
0.16957496
0.10108925
0.0054595214
0.14221816
0.18337636
-0.19481486
-0.008640306
0.16994913
0.12361373
0.30538848
0.19986136
-0.10760585
0.002957324
0.259535
0.012399123
-0.014843204
0.31574816
0.037069283
0.014548989
0.1590997
0.36889562
-0.06278435
-0.18477063
0.012659033
0.15159401
-0.13199024
-0.13902175
-0.039538603
-0.02766327
-0.5557532
0.11236316
0.12509306
0.07222328
0.14731632
0.17539805
0.32537696
0.07922409
0.12119311
0.00037615735
0.30028442
0.033809606
0.21445875
-0.11396443
0.07810561
0.35192436
0.1720419
0.36367106
0.25668833
-0.009156241
0.1469788
0.1884848
0.27989975
-0.2671853
-0.024022521
-0.34301168
0.0925027
0.36601982
0.20727243
-0.21317317
-0.10941648
0.063145265
0.109317355
0.11793254
0.048404805
0.075294435
0.009794771
0.04668205
0.23531635
0.2937675
0.052226078
0.354618
0.2790291
-0.17950442
0.19081761
0.31027877
0.11378347
0.2645054
-0.046791192
0.12732394
-0.022000415
0.039676007
0.12428005
0.52254105
-0.0037547902
0.13765585
0.037895694
-0.11764146
-0.13730423
-0.087658755
0.40318185
0.10307574
0.32786733
0.36149547
0.14894262
0.20302604
0.20747688
0.46545765
0.23500113
-0.06462505
0.26699668
0.035900775
0.031736378
0.013457223
0.09055479
0.2491626
0.06934534
0.034606263
-0.06932882
-0.00031812518
-0.0070486423
0.055799853
-0.057337843
0.2254676
0.27453893
-0.07611619
0.13106462
0.035228822
0.07811392
-0.09527121
-0.17756283
0.032669052
0.47052288
0.06093031
-0.09623042
0.32056433
-0.15923294
0.18117546
0.13504942
-0.31811792
0.18531598
0.23939763
0.059041142
0.23259047
0.040359404
0.050469857
0.17751361
-0.16782257
0.08739966
0.07136171
-0.2218171
0.018829998
0.297678
0.37806132
0.095415786
0.13920973
0.12289941
0.2564432
0.20297943
0.1508132
0.39611515
-0.02651925
0.21556312
-0.12762012
0.31889576
-0.08613923
0.022824485
-0.17830452
0.04697759
0.062090557
0.3304391
0.24497198
0.4432696
0.39566013
-0.0038999924
0.20144638
0.40230426
0.20576183
0.020446915
0.039141346
0.09868923
0.0058828807
-0.039897375
0.12377473
0.12520549
-0.015409807
0.095487975
0.049177576
0.20743607
0.10838917
0.07107052
0.08564155
-0.14736208
0.47272113
0.2835165
-0.056275833
0.042218745
0.053101256
0.19636345
0.022728477
0.04541053
0.020394173
-0.014403001
0.047694255
0.16116391
0.056697085
0.14104088
0.31512752
0.12157135
-0.026339687
0.12489332
0.3117302
0.49301004
0.14394127
-0.008259719
0.073842585
-0.071536966
-0.103240676
0.0653236
0.053391982
0.123622015
0.119115755
0.33837518
0.29079464
0.3427049
0.30649734
0.43742687
0.022076434
0.1873746
-0.15057012
0.19768646
0.13003771
0.26254186
0.23232397
-0.008755443
-0.29867193
-0.08457782
0.11436795
0.4408552
-0.12158627
0.14788558
0.02348211
0.12512493
0.2716507
-0.1745657
0.1490791
0.04758902
-0.15888436
0.19800782
0.14822844
0.032359406
0.013862938
-0.05231908
0.25222445
0.11038415
0.29246315
0.4220094
-0.08389482
0.12545998
0.050594438
0.17426208
0.38160723
0.075092964
0.023680825
0.0114681
0.14539267
0.042969543
-0.21033442
-0.10750287
0.049193263
-0.08762195
-0.0002039815
0.3454001
0.025195256
0.114677444
0.014826757
0.11248237
0.19403411
-0.048063885
-0.06861439
0.09386013
-0.10163231
0.012053833
0.18355644
0.055726547
0.1407927
0.23701766
0.4003142
0.32513544
0.009535867
0.06982622
0.38622138
0.24412452
0.0016823767
-0.038961124
0.022573302
0.15927698
-0.11629443
-0.24890314
0.29742908
0.13401873
0.10948301
0.20034678
0.0630869
0.13323648
0.20447683
0.15724888
-0.0062841363
0.0053772256
-0.03479141
0.032644983
-0.06999307
0.39946645
0.38668463
0.24526912
0.0043205926
0.37525418
0.13163789
0.17885797
-0.017835481
0.12238457
0.50136197
0.10484371
0.25356737
0.19839521
0.270181
0.17736395
0.14845188
0.31126407
0.32789323
0.12909779
0.241557
0.062308617
0.15980461
0.23625061
0.24941474
0.31198868
0.15656713
0.070467085
0.13085635
0.15775314
0.12419069
0.34273088
0.022624874
-0.059044566
0.14144078
0.104209214
0.12486848
0.1786694
0.26968187
0.35140336
-0.057485804
-0.40433773
0.038074873
0.008057149
-0.11596636
0.12716223
0.35091332
-0.22720681
0.30832595
0.15695341
-0.5864222
-0.16278663
-0.0035775953
-0.16471556
0.24937002
0.009566476
-0.031115437
-0.3374934
0.02226849
0.0603939
0.15600389
0.44118428
0.29342625
0.28518376
0.012054828
0.24372138
0.113945395
-0.030869124
-0.04141278
0.022913976
0.0027940886
0.35853982
0.28979433
0.23693943
0.043098014
0.18919481
-0.28415102
-0.13284153
0.3730999
0.3613496
0.2190753
-0.043520756
0.014482267
0.119384326
-0.35682407
-0.18369947
0.19175392
0.38456357
-0.11259954
-0.008312602
-0.16404366
0.26310518
0.07106738
0.3609583
0.34931824
-0.15323775
-0.058207203
0.090166934
-0.0019276226
0.013149402
-0.03756966
-0.089672476
-0.051518336
0.035037994
0.38817078
0.1370231
0.37075326
0.010437789
0.2347174
0.05526411
0.09658941
0.17486252
0.12196111
0.1414764
0.22650972
0.054382928
0.50496435
0.050905913
-0.08207446
0.052598204
0.23422799
0.0102388915
-0.0031728088
0.35732487
0.016466122
0.45535633
0.2644946
0.43835992
0.14308928
-0.036547802
0.04701902
-0.12914279
-0.19607008
0.24620871
-0.23910989
0.44897777
0.119462505
-0.17780904
-0.07311362
-0.10611557
0.035943307
0.45992643
0.22113281
-0.25736624
0.39291567
0.037910953
-0.11412484
0.2302093
0.022267558
0.36399436
0.0092737675
-0.021203537
-0.19764379
-0.32319742
0.042411417
-0.075434364
0.1190804
0.071004435
0.18459693
0.12583743
-0.023033896
0.06612649
0.16401254
0.10190304
-0.11116258
-0.1735195
-0.16690275
0.07345107
0.4427231
-0.25108257
0.033138156
0.034015995
0.23987164
-0.06074387
0.04609388
0.0076342267
-0.020146448
0.0009080923
-0.013362507
0.29675502
0.39540628
0.297315
0.047204208
0.4057815
-0.050611
-0.029991478
0.08493011
0.50818354
0.58539563
0.27449557
-0.06896371
0.1768608
0.5153478
0.32164127
0.14949943
-0.15660131
-0.029367238
0.44351083
0.051302243
0.22061272
-0.22580172
0.059388943
0.4288693
0.42156574
0.10617277
0.4018981
0.37936887
0.12929465
0.10670055
-0.07535831
-0.37688592
0.47618154
0.33737424
-0.24408452
0.10459079
0.2639562
0.14508238
-0.03863632
-0.11508221
0.0036975953
0.13022254
0.09379815
0.09723166
0.2463891
0.010149602
0.59861857
0.2401254
0.068873525
0.28887576
0.049290128
0.15405078
-0.01609423
0.3411302
0.1556202
-0.2647547
0.21443297
0.09873259
0.2333401
0.13211298
0.45775622
0.25784683
0.3466815
-0.15779136
0.19457678
-0.10850748
-0.01882497
0.019771839
0.5803235
0.023995558
0.19679755
-0.17268062
0.22613025
0.30736503
0.38915437
-0.16518815
0.2379898
0.03819886
0.36818233
0.34977496
-0.019088319
-0.03136948
-0.23163065
0.20992349
0.010923193
0.15011209
0.13595934
-0.02970408
0.20230584
0.07908472
-0.050482593
0.46301427
0.35941178
0.4218993
-0.16553593
0.4355657
0.03383289
-0.10736752
0.1145881
0.058070682
0.24110259
0.059558045
0.120353416
0.033867165
0.22192243
0.15461591
-0.123186395
0.2555366
-0.0015765256
0.420353
-0.008822827
0.15417843
0.3190965
-0.038673095
0.22125359
0.28804147
-0.020867173
-0.08662102
0.21847183
-0.037873063
0.09095225
0.06814142
0.13103062
0.16591182
-0.32440642
0.26045
0.031587522
0.20688644
0.2802159
0.30816334
0.0126948245
0.21041128
0.08012247
0.40313992
0.2211609
0.30969253
0.08410386
0.07325867
0.12975883
0.14545667
0.4729493
0.0133396955
0.0015002469
0.097060695
0.25725374
0.4074081
0.04363728
0.36176786
0.30732468
0.07964981
0.018773524
-0.007175472
0.23219325
-0.007787699
-0.13626742
0.18436415
0.04506139
0.5257178
-0.027613407
0.17299013
0.10970792
-0.050190654
-0.12750894
-0.15138984
-0.07377989
0.3165511
0.13194431
0.21137778
0.38669682
0.22359549
0.15595317
0.025841994
0.2052244
0.09607571
0.14635341
0.05327462
0.19157124
-0.23428062
0.015935127
-0.2668691
-0.036474615
0.2953076
0.0730047
0.15453099
0.40851915
0.12799524
0.3314079
-0.038838938
0.1377353
0.24005127
0.35932958
0.45576558
0.22395194
0.044500604
0.3680512
0.22231632
-0.13137951
0.21723264
0.28274363
0.12447196
0.29509264
0.2029172
0.12213568
-0.0446908
0.37474972
0.23000827
-0.25777626
-0.08262351
0.3420924
-0.028093373
0.053264033
0.0159424
0.28593293
-0.008910969
0.32110828
0.14465238
0.090285964
0.14495422
0.27579093
0.09849482
0.5459821
0.029898837
-0.1101846
-0.0207677
-0.102531165
0.0577438
-0.16938783
0.12930085
-0.083646074
0.14622724
-0.2511493
0.092624575
0.027391562
0.27021724
-0.0045549218
0.06560214
0.07808186
0.075219065
0.29192758
-1.2057644e-05
-0.20237164
-0.10171865
0.060385246
0.15931033
0.019300325
-0.18153983
0.2113571
0.1628167
-0.3189994
0.07981533
0.2899507
0.33158556
-0.2220572
-0.037090197
0.08432208
0.41283312
0.2148039
0.058592767
-0.16704077
0.06925757
-0.36334994
0.08011112
0.16832055
-0.15059477
0.16856267
-0.19084157
0.08837299
0.07880988
-0.04937616
-0.04890224
0.3985189
0.19007067
-0.37430215
-0.13808917
0.016285922
-0.08386379
-0.12856954
-0.033333637
-0.08451245
-0.04288162
-0.06877652
-0.10576196
0.23466043
0.12278098
-0.042224187
-0.4231827
0.20828864
0.33692086
0.11822107
0.11727516
0.21608783
0.40377262
0.102494724
-0.20558968
-0.1018392
0.5097616
0.0105297575
-0.038615216
0.123357475
0.26590762
-0.04578248
0.049776502
0.3223059
0.18503806
0.21003295
0.23054938
0.4081342
0.40230983
0.35317177
0.44218594
0.17372902
-0.12296558
0.37722784
0.2500198
0.0072579016
0.25952277
0.07477204
0.25975275
0.32939264
0.00052012503
0.021052282
-0.038999718
0.099701375
-0.012337729
0.19032696
0.2913969
0.31642243
0.11445638
0.46148893
-0.0151697295
0.18097953
-0.3165589
0.081740744
0.21176474
0.032478318
0.122709565
0.036934365
0.2671518
0.043683626
-0.12760697
0.274818
-0.1581413
0.052950148
0.07244372
-0.22845419
0.31211084
0.009984385
0.037438694
0.16877963
0.05715085
0.11341442
0.20185348
-0.13478717
0.08042926
0.30226445
-0.07607353
0.16863638
0.1232879
3.2392534e-06
0.14642431
-0.11916707
0.3716511
0.014001692
-0.027917776
0.029896846
-0.03030092
-0.06081951
-0.033344418
0.07616924
0.06306749
0.13651101
-0.059958275
0.36750385
-0.10155493
0.10453548
-0.00055910274
0.24593598
0.07167586
0.07080865
-0.037821006
0.02542965
-0.06663756
0.2520037
0.069470175
0.16139969
0.37518707
0.2359507
0.15134417
0.07874898
0.014639703
0.05715822
0.01635121
0.46220374
0.52508426
0.02236094
-0.017897164
0.08525457
0.049522772
0.3242762
-0.05834421
0.45865774
0.26796296
0.18617734
-0.09049538
0.050695445
0.1391971
0.17738795
0.13557225
-0.005028575
0.059482157
-0.25494212
0.11878982
-0.10472497
0.33206692
-0.09220291
0.0056012026
-0.0015325708
0.11048777
-0.021988666
0.23576796
0.00064570137
-0.019577606
0.4372107
0.17578281
-0.14018337
-0.11124014
-0.06636492
0.32048854
-0.28212243
0.047548726
-0.11961859
0.29744956
0.025040839
0.26444176
-0.048155285
0.09343368
-0.05122371
0.018995333
-0.015624444
0.10558226
0.018432403
0.07365404
0.18009754
-0.10099873
0.098376065
0.2999869
0.06325727
0.16040073
0.0014572449
0.03987373
-0.013849355
0.029370608
-0.058504622
0.21229146
0.36825454
0.26327187
0.16768909
0.3301693
0.10107489
-0.068932764
-0.039185714
0.10589306
0.034748543
0.06916499
-0.017399227
0.02463213
0.04427872
0.077353634
-0.008436845
0.1490943
-0.02135171
0.50690114
0.13140151
0.2044586
0.11079815
0.5050538
0.3886762
-0.25911295
0.1202832
-0.106032215
0.08914717
-0.17733806
0.47046787
0.15102273
0.048881005
-0.094876416
0.29877043
0.18896073
0.2808614
0.420889
0.11675254
0.100384936
0.41794893
0.18322289
0.02564046
0.16498595
0.3466864
0.053996693
0.012324136
0.04651185
-0.038521904
0.2392393
-0.12979995
0.12435217
-0.065217435
-0.054615006
0.00943923
0.022104254
0.07315696
0.20872447
0.016683383
-0.07418763
-0.08975192
0.39729005
0.21164602
0.055354666
0.029291265
-0.12409342
0.27052623
0.012039604
0.095960096
0.1680497
0.37647733
0.12848146
0.45142162
0.10863529
-0.063719936
0.15683018
0.13837485
0.16794102
0.47111437
0.013623589
0.14760584
-0.20100316
0.1944888
-0.049486768
-0.17265327
0.01875972
-0.10246275
-0.07737321
0.09944937
-0.39999452
0.11573262
0.24268085
0.02167931
0.025595788
0.008627557
-0.045149416
0.026163137
-0.08814178
0.20371345
0.18446404
0.1332363
0.45525092
0.21496724
-0.17293517
0.0022474474
0.11636965
0.16406807
0.29428285
0.068651244
-0.091376945
-0.21064454
0.31173104
0.07794935
0.044287186
0.07381009
0.10312413
-0.029862167
0.030629972
-0.053093553
0.07114045
0.3514632
0.03264095
0.010755716
-0.079095565
-0.2416115
0.36887586
0.18206227
0.003060683
0.038330004
0.2228934
0.12111869
-0.07475144
-0.021927463
0.028610123
0.07436794
0.02617295
0.060870204
0.21057141
-0.0058403206
0.040761832
-0.03750928
0.27659616
0.02347432
0.05254915
-0.00056537165
-0.104130834
0.11940785
0.2891682
0.17140354
0.1144947
0.067520216
0.0011889508
0.18720491
0.15894939
-0.029590916
0.29934713
0.29232302
0.077585824
0.116025835
0.0065203425
0.16064999
0.1945473
-0.043350212
0.0992013
0.29272774
0.024964362
0.5782834
0.07578386
-0.03489648
-0.054784633
0.09895381
-0.045899622
-0.016216766
0.14854683
0.168473
0.03565008
0.05316638
0.001119364
0.038455017
-0.1953174
0.14149266
-0.12157288
0.040821444
0.058242895
0.18304633
-0.08628722
0.084140986
-0.025850836
-0.03612039
-0.00023446669
0.015938986
0.03944618
-0.09783286
-0.2760564
0.18885393
-0.42313433
0.21832465
0.32675982
0.042419992
0.02136315
0.1536078
0.024090994
-0.031994984
-0.01645785
-0.13702197
0.06908171
-0.045385156
-0.05541489
0.13907991
0.17748971
0.03426806
0.10225369
0.1764713
-0.00467547
0.3975445
0.06858561
0.2236894
0.076991506
0.09721144
-0.2606608
-0.1056209
-0.0037241734
0.25732878
-0.096879095
0.15292175
-0.011530721
0.10325064
0.06215045
-0.020182934
0.08550059
-0.05705323
0.22754723
0.056289252
-0.0105051845
-0.11775884
0.17552966
-0.09647036
0.34930068
0.37672454
0.2142019
-0.014005914
-0.049522657
0.09483472
0.24723557
-0.06467013
0.2166309
0.063612185
-0.043626677
0.09165749
0.040942866
-0.16261521
0.08529797
0.06191361
0.1321705
0.37685838
0.044816483
0.16924644
0.120191336
-0.002947187
0.015910817
0.11718383
0.058644548
0.14935797
-0.0021155698
0.0030483042
0.13026923
0.14271577
0.12260225
0.121883914
0.076952145
0.10596547
0.12730542
0.03370683
0.076653786
0.07710409
0.12941605
0.011558194
0.24787685
0.09992778
0.06663212
0.12298326
0.16351661
0.43405825
0.36886042
0.06220779
0.034763895
-0.035491697
0.43113208
0.14280942
-0.005284742
-0.10306513
-0.10909641
0.06028166
0.14798944
0.036769643
0.097947806
0.21699111
0.112834685
0.20955057
0.1942656
0.31440777
0.21123613
0.1666796
0.27192166
0.0043650577
0.12905447
-0.032237392
0.10679114
0.5329015
0.20006016
-0.17408589
0.017597895
0.029089266
-0.065282755
-0.0051642084
0.22842358
0.28275853
0.08870364
-0.022678372
0.0515247
0.07959645
-0.09126375
0.066155426
0.1701317
0.09911456
0.28162006
0.096520685
0.13167204
0.0380378
-0.013884782
0.11657861
0.07898525
0.44142807
0.07080288
-0.072427586
0.21089429
0.21306027
-0.02234379
0.04568474
-0.10815922
0.22236596
0.041464448
0.023645658
-0.06995783
0.25302753
0.3405236
0.09874954
0.07831722
0.33623236
-0.05796997
0.090227954
0.07234664
0.14177616
0.016261445
0.3617376
0.38339943
-0.042472098
0.11034371
0.45007622
0.16584231
0.14938982
0.35862634
0.10534324
0.07244806
0.09869176
0.19451301
0.1599172
-0.23121254
0.079153985
-0.044018652
-0.14372413
0.22073784
-0.03743817
0.095072046
-0.11606585
0.59411144
0.15517424
-0.08398805
-0.08362548
0.1433478
0.10624088
0.3843945
0.05453286
0.035940457
0.4324941
0.1579233
0.14573073
0.040101625
0.4126082
0.35455853
-0.25928363
-0.05067707
0.14676325
0.04741357
0.050521538
0.11950207
0.53415835
0.3438603
0.5263102
0.22478709
-0.0918273
-0.14406282
0.12322547
0.19036934
-0.2157794
0.3828866
0.25909692
0.11622962
-0.029979695
0.013389485
0.24649382
0.13589402
-0.0045405035
0.36558095
0.009161096
0.066910096
0.1495612
0.14803378
0.3145766
0.18817289
-0.007308574
-0.03657477
0.1272459
0.30908042
0.097193435
-0.07168053
0.08176217
0.2896678
0.21312886
0.07410164
0.075026825
0.25009906
-0.061021544
0.1934212
-0.1362189
0.20476179
-0.03229204
0.24858366
0.33257148
0.43916923
-0.02127265
0.24240549
0.008708089
0.15858184
0.30655858
0.14261478
0.030749025
0.06206712
-0.015735332
0.04139405
0.118549466
0.0182081
-0.115132675
0.26255587
-0.050733794
0.19318713
-0.08532434
0.116728336
0.3117911
0.25979304
0.018547695
0.21699354
0.49726367
-0.0019447448
0.2318254
0.075067244
0.043869738
0.13927321
-0.38439298
0.28370255
0.15437844
-0.048215784
0.34921905
0.45390218
-0.009007777
0.33546385
0.007441762
0.00771267
-0.001652366
-0.002696
0.011785532
-0.046582364
0.038738616
0.10135846
0.13458209
-0.11852517
-0.16498516
0.1188317
-0.006882335
0.11273374
0.24167953
0.02501504
-0.018653637
-0.1020069
0.12454959
-0.117477156
0.11167934
-0.050076064
0.22882661
-0.057776887
0.084098615
-0.003300643
0.008444802
0.013599971
0.07248125
0.45249867
0.0600554
0.06574032
-0.017501937
0.052834038
0.13525498
-0.059070993
-0.23068278
0.00930687
0.38461137
-0.03249203
0.013550517
-0.36660594
0.21268801
-0.07539792
0.34690577
-0.0075683137
0.17249212
0.023541933
-0.013330054
0.31436804
-0.12371954
0.05030438
0.084525414
0.11721393
0.42125845
0.36855286
-0.1290745
0.2310622
0.12490746
-0.020008812
0.25271356
0.14809702
0.30538332
0.22029118
0.0701435
0.03944467
0.38397497
-0.13327171
0.27400145
0.07820715
0.13816555
0.24455766
-0.14600149
0.20132628
0.3420737
0.10184975
0.14526097
-0.091274895
0.043120313
0.033138614
0.2583777
-0.035817895
-0.17859934
0.008017189
0.169682
0.3236991
-0.087839894
-0.11478269
0.32159105
0.25080648
-0.102044694
0.17193714
0.18266475
-0.20532188
0.26083773
0.16201922
0.2027364
-0.020665461
-0.007882079
0.10885479
0.041098215
0.19915417
0.1001909
0.12010021
0.35169256
0.16800058
0.021452397
0.28341305
0.19342026
-0.17099519
0.17974725
0.111745134
0.3599898
-0.003168291
-0.007847682
0.11829511
-0.07243963
0.43087712
0.05484727
0.06789067
-0.039559767
-0.07766824
0.051224228
0.02346354
0.07228966
0.1031673
-0.03849288
0.017844608
-0.040291343
0.112109005
0.17354274
-0.19719185
0.10040218
-0.0582982
0.07175108
-0.04580161
0.09621594
0.29081836
0.13870989
0.4168871
-0.05563042
0.5080912
0.28866532
0.09002871
0.28006825
0.043060176
0.0200462
0.114431955
0.1186025
0.23013927
0.09413625
0.013110517
0.014422818
-0.0805273
0.060392886
0.17225447
0.3633559
0.16589634
-0.06761933
0.030731201
-0.008385353
0.057367362
0.27106255
0.122825794
0.3022408
0.24869652
0.048810724
0.06874296
-0.14863682
0.071874574
-0.0031522128
0.053813588
-0.06005635
0.3109226
0.34529594
0.40153188
-0.13799281
0.0051758355
-0.026971694
-0.11458881
0.075912155
0.23221503
0.11310933
0.1156503
-0.19198038
-0.008164485
0.08378249
0.3686819
0.3207041
0.20866054
0.33364558
0.22322148
0.12911414
-0.03336818
0.17823829
0.07290329
0.14831503
0.12986505
0.10085802
-0.0041126898
0.19333117
0.2802333
0.20947878
-0.1308248
-0.10201228
0.07734899
0.31273714
0.12547095
-0.18710269
-0.055973683
-0.046206098
0.38497108
0.19373922
0.11336882
-0.0551262
0.07023503
0.049461663
0.11159862
0.38626036
0.15427037
-0.0271579
0.33230653
-0.0023750358
0.37608114
0.32990265
0.21367505
-0.071241625
0.27439824
0.37460107
0.3988732
0.031900555
-0.08995652
0.11942413
0.17383839
0.030406881
0.30331248
0.025906943
0.05682169
0.069027044
-0.09294931
0.3093709
-0.038755074
-0.37482974
-0.056369845
0.27478144
0.14273374
0.2977298
-0.1705871
0.09427026
-0.011522657
0.019679029
0.31588408
0.3132254
-0.0024110945
-0.021279814
0.20451418
0.30999744
0.2665084
0.13602203
0.17237239
-0.09097701
0.29110268
0.026971953
0.12525249
-0.13942648
0.20957762
0.19491428
0.078495875
0.12064734
0.36739567
0.034605384
-0.06907919
0.03614026
0.1600183
-0.0011387614
-0.12525381
0.0101625975
0.339998
-0.08846616
0.2587607
0.24171296
-0.19392517
-0.09952684
0.016850807
0.09135319
0.22573787
0.070298314
0.0619407
0.05040734
0.18136306
0.13362937
0.3755069
0.13384324
0.000769397
0.23222122
0.050455313
-0.0038970048
-0.08512643
-0.1437849
0.264596
0.23526531
0.39948976
-0.028252319
-0.018770631
-0.033478945
-0.035894033
-0.050335824
0.11590724
0.079053864
0.13774131
0.5219203
0.22492053
-0.07980234
-0.046586547
-0.000726434
0.26785532
0.10537336
0.045670472
0.102018304
0.36976916
0.11185346
0.11037802
-0.31318638
0.16472624
0.23234168
0.07324114
0.3519157
0.20636407
0.46196905
0.3131298
0.24762528
0.30961457
-0.0619785
0.044987075
-0.061395302
0.42943376
0.041070532
0.07798268
0.11705568
-0.11556333
0.010905202
-0.058794133
-0.20877174
0.3508362
-0.00086562
0.04042691
0.33070755
0.110973105
-0.18934356
0.123159505
0.021665776
0.008140533
-0.02667045
0.027880125
0.11971919
0.5403716
0.30025834
0.28101683
0.3161766
0.061250076
-0.049609713
0.31672215
0.35340253
0.35013402
0.08525656
0.33180347
0.049649045
-0.034626614
0.26770228
0.22798708
0.06270304
0.24713549
0.009716175
0.056342125
-4.1630123e-05
0.13827723
0.08560294
-0.070366494
-0.094224416
-0.08652309
0.23056158
0.15574676
0.34575453
0.22332618
-0.053484447
0.03520784
0.18058397
-0.058978267
0.46917483
0.06903897
-0.064791076
0.4131039
0.5108549
-0.02647554
0.29346946
0.39956495
0.22262134
0.09826957
-0.15565436
-0.07232221
0.1744603
0.2671678
0.16280127
-0.07969573
0.11250197
0.14814232
0.2550267
-0.0059257834
0.011470452
-0.04507309
0.51964706
0.2292197
0.07371161
-0.03404604
-0.0065915226
0.27271423
0.0578968
0.07749738
0.16458257
0.2552966
-0.064046875
-0.16068481
0.12935975
0.03914962
0.03418359
0.34488836
0.4203702
0.14927986
0.18618625
0.29751545
0.124044806
-0.3372132
-0.19212148
0.10591783
0.012060952
0.05622186
0.03461873
0.115031816
-0.082933895
0.08896354
0.26521787
0.0254565
0.3250652
0.025276398
0.50942653
0.06258267
0.39256752
-0.073832124
0.066131994
0.14381844
0.3115818
0.13002305
-0.04624332
-0.03747219
-0.04459257
-0.19931127
0.11926446
0.21522419
-0.22615732
0.13179041
0.27508458
-0.11172515
0.033985484
0.10411756
0.14760508
0.3848649
0.29161835
0.2538329
0.018949663
0.054034926
0.031940565
0.5044862
0.076727405
0.06926534
-0.08557056
0.58363706
0.3083154
0.33234552
0.14546458
0.2148719
0.22607842
-0.18223915
0.3885892
-0.4824339
0.49884227
0.009133125
0.3715745
-0.2912594
0.08429318
0.17757818
0.5400302
0.06998269
0.21796529
0.031092336
0.023091663
0.29451853
-0.10356627
0.3769351
0.007908603
0.03399406
-0.0102755595
0.29698548
0.29063705
-0.1094009
0.35155702
-0.0148651395
0.17095727
-0.019471785
-0.06126367
0.007801117
0.069065124
0.34180605
0.08704598
0.19408537
-0.29813066
0.041401416
0.2118731
0.068513244
0.34974796
-0.029323978
0.30027285
0.22014555
-0.13370389
-0.1970781
0.04836884
-0.013247861
-0.05737728
0.35801607
0.28911632
0.12530509
0.061464857
0.49695635
0.33911073
0.20500876
0.17484963
-0.0075635198
0.22812557
-0.099928424
0.014340366
-0.094498165
-0.037643783
0.115042076
-0.014595024
0.38567314
-0.032971576
0.071017504
0.11115516
-0.0089302175
-0.098765075
0.40609446
-0.07071609
0.35043785
-0.046003327
0.3720809
0.19845474
0.39540422
0.25373942
-0.11514187
-0.056503594
0.42311895
0.22339459
0.25215232
-0.36683753
-0.05756683
-0.002587973
-0.19677936
-0.13356309
0.3113964
-0.1123154
-0.10724826
-0.0018297856
-0.1053159
0.48226154
-0.06462211
0.037443835
0.21514818
0.027573295
0.449861
0.3741307
0.38276964
0.016622359
0.079549916
-0.0314144
0.14516859
0.054826453
-0.07923435
0.2894955
0.16009092
-0.01374145
0.19157706
0.044766143
-0.026897106
-0.2703744
0.14360371
0.19139571
-0.0956114
-0.3967789
0.15168746
0.47600943
0.49303785
-0.24025163
0.19900735
-0.2583735
0.12033096
-0.14113241
0.032858673
0.0036206087
0.20075423
0.17305528
0.29266718
0.005014894
0.049553078
-0.056967735
0.18067497
-0.057203874
-0.049708784
-0.06479266
0.224307
0.3216804
0.020930585
7.170564e-05
0.27605712
-0.026722735
0.019566238
-0.21565405
-0.009088347
-0.002000479
0.26117256
0.06482778
0.2371853
0.10696291
-0.060359072
0.009590987
0.30160135
0.015816847
0.09356978
0.27591187
0.09008534
-0.13911459
0.49281245
0.26101315
0.3180378
-0.11038676
0.3663515
0.078628995
0.32413384
0.21627462
-0.06345283
0.405547
-0.0979088
0.22611463
0.058674905
-0.002652899
0.006539986
0.042353123
0.068887405
0.3416144
0.018400803
-0.0019647407
0.036293525
0.2782359
0.15473583
-0.20755506
-0.16438761
-0.09423342
-0.17155
0.02838016
-0.0912219
0.035676267
-0.16133651
0.15693562
0.14225031
0.1852649
-0.10085884
-0.0997311
0.30631444
0.4615198
0.19914901
0.087528795
-0.4408465
0.16262601
0.016439928
0.23553212
0.490547
0.0933368
0.028318545
-0.35904732
0.3392442
0.49619514
0.5371521
-0.07701176
0.23188528
0.52014416
-0.0006456861
0.18905246
0.2034
0.019642161
0.51832825
0.059281845
0.36067185
0.058444016
0.08708829
-0.14177842
0.1453338
0.22438791
0.45115048
0.4438258
0.16018924
-0.025076699
0.094923325
-0.04629612
0.11748677
0.3679908
-0.106880784
-0.055517204
-0.019826092
0.0033846616
0.2750155
0.19589181
0.09031499
0.61588806
0.41801998
0.15866646
0.04001551
0.08114022
0.1451272
-1.4024062e-06
-0.00087235763
0.08268367
0.14826426
-0.3298561
0.14700368
0.42382756
-0.22716592
0.27527195
0.010064581
-0.066963434
0.029201427
0.52543795
-0.018077211
0.027047332
0.04556035
0.13241373
0.01792151
0.25424358
0.5029648
0.44557163
0.010856011
-0.34790772
0.011000497
0.31682283
-0.12917735
0.3619349
0.3525398
0.44202664
0.3311379
0.21552171
-0.13600051
0.02816716
0.051547773
0.0052274005
0.09297137
0.2511546
-0.10911048
-0.22488168
0.47642756
-0.030460948
0.0701504
-0.08659099
0.04300929
0.0599215
-0.25957263
-0.0064394926
0.15842788
0.32609543
0.37546518
0.23605771
0.15704998
-0.09600476
-0.27505836
0.28938913
0.13597913
0.44279152
0.12092571
0.4088745
0.17536068
0.062888846
-0.07331746
-0.024076922
0.029045874
0.11028515
0.04974479
0.16413331
-0.15921225
-0.070042364
0.25364882
0.10297585
-0.21553096
0.30164358
-0.2127132
0.2035183
0.44057164
-0.13492885
-0.065653354
0.23137596
-0.47126302
0.42474073
0.51785177
-0.009010688
0.25556585
-0.23534083
0.27134755
-0.3117755
0.18812737
-0.11936233
0.07423085
0.24389656
-0.038909286
0.12175707
0.4442053
0.12634508
-0.2465486
0.1655476
0.07541287
0.4707922
0.30359015
0.009785728
-0.19733538
0.03744536
-0.07536114
0.06591111
0.2279369
-0.102548115
-0.15258664
0.105557226
-0.08242562
0.016106376
-0.08693076
-0.2304943
-0.12442172
-0.081971176
0.32641348
0.15197523
0.12923366
0.22741581
-0.030303162
0.035951562
0.013059847
0.3508447
0.21572807
0.019703913
0.06535155
-0.3255806
0.01985856
0.12255726
0.13984662
0.24518691
0.20657007
0.52710485
-0.007840305
-0.14380401
0.07623745
0.19732611
0.35293278
-0.18597159
0.16046746
0.2282403
0.0335704
0.036662955
0.07562594
0.05999019
-0.18330811
0.21965818
0.036801137
-0.28344598
0.0718876
-0.19343461
0.08204797
-0.04210377
0.13395652
0.012615886
0.18383804
-0.19068933
0.08427007
-0.103834935
-0.08692431
-0.13990352
0.20879737
0.41202483
0.34572187
0.091026254
0.43209267
0.06495988
0.3640328
0.3821448
0.042257845
0.1852818
0.24958098
0.010605181
0.17988396
0.41844517
-0.011858888
-0.0070233266
0.45946094
0.4543727
0.5233496
-0.25058946
-0.17516017
0.2654401
0.4642292
0.281111
-0.06464446
0.4199012
0.2758406
0.011310589
-0.032902416
0.5220141
0.23375425
-0.12619191
0.23483603
0.18082975
-0.0026165585
0.035227675
0.082562
0.35861418
0.1389406
0.31092772
0.046835322
0.2688637
0.023209365
0.20012644
-0.21942072
0.24826787
0.18520536
-0.24343823
0.21007362
0.20249225
-0.07068868
0.10108268
-0.0566723
0.051524207
-0.005561745
0.2560186
0.25551918
-0.107155085
0.5253568
-0.00069470174
0.024739832
0.3630677
0.3214186
0.1968496
0.0038265358
0.15101351
0.033967987
-0.13778366
-0.21050659
-0.21533272
0.22617295
0.39715448
0.31014827
0.022944013
0.116137095
-0.034891285
0.47256973
-0.3169408
0.14129172
0.17471865
0.47268176
0.06624019
0.30528608
-0.32321185
-0.022661412
-0.4038586
0.6461568
0.32862154
0.30618647
0.040755525
0.03782361
0.4018603
0.20844921
0.37783572
0.33350816
0.34924433
0.08201726
0.398629
0.47701347
0.25669372
-0.08034915
0.04263962
0.35833642
0.19529107
-0.013973712
0.12074018
0.004284008
-0.050445817
0.15197726
0.44826707
0.058695685
-0.065707244
0.37854645
0.060073897
0.25551352
0.3715946
0.43101814
0.32433656
0.035167888
-0.06685859
0.044061758
0.15728824
0.3563326
0.27755576
0.19913507
0.03437949
0.15542191
-0.033664446
-0.11937788
0.3240135
0.04248156
0.32505983
0.30573583
0.4159573
-0.008860921
-0.009046189
0.044411946
0.22315827
-0.030606952
0.25198546
0.2550026
-0.18254283
0.28795433
0.2901851
0.081519745
0.1685121
0.048514795
0.19191684
0.34065333
-0.038966697
-0.11378028
-0.0091258995
0.15573995
0.41359907
0.3934258
0.1252935
-0.057808995
0.51195776
0.44279844
0.44472143
-0.0008861988
0.40399724
0.13831082
-0.2680998
0.31529862
-0.025229067
0.029978992
0.42002663
0.08030382
-0.08881845
-0.3553896
0.04284459
0.054361884
-0.04963468
-0.10836018
0.17243667
-0.3220757
0.10346491
0.055229153
0.34628493
0.37763813
0.33436468
0.014449162
0.1280955
0.11686088
0.12922506
-0.16935056
0.29371914
0.5653605
0.415491
0.015843319
-0.23668638
0.048016246
0.49436668
0.06860245
0.35940468
0.010961908
-0.0520568
0.463278
0.5315726
0.17677073
0.25003874
-0.004820779
0.083699
0.29865515
-0.23633102
0.3167514
0.031465977
-0.19798286
0.42680568
0.3059158
0.30872172
0.038023103
0.46913916
-0.24911691
0.10795214
-0.1366943
0.43311334
0.21162501
-0.114949204
-0.07769402
0.09799817
-0.31589505
0.22760345
-0.105636254
-0.1256047
-0.32967225
0.4316398
0.23764338
0.019619804
0.28043362
0.30066878
0.1344723
0.00016182548
0.01694154
-0.41747785
0.048662607
0.14954227
0.07075295
-0.35486364
-0.054968607
0.06094057
0.382143
-0.06406728
-0.17888737
0.012712324
0.49662405
0.3729657
0.3082474
0.26050594
0.05850308
0.38010213
0.08860869
0.07243365
-0.037295774
0.47549084
-0.28567946
0.1315539
0.34178722
0.19805215
-0.051991057
0.13308834
0.33021832
0.1408861
-0.041286625
-0.10417155
0.58198273
0.21716869
0.30088437
0.10048134
0.0067187985
0.21103343
0.0688965
0.16981451
0.026346307
0.31537503
-0.01000498
-0.10429566
0.07387845
0.0108132
0.18527596
0.18007231
0.0052791103
-0.32701507
0.36683366
-0.07618346
-0.09177576
-0.060347624
-0.001514995
0.09740447
-0.1927646
0.23297781
0.16591884
0.36283472
0.3635646
0.33211026
-0.03667614
0.22642036
-0.03824735
-0.0046195947
-0.07591064
0.22061303
0.20284392
0.16103044
0.065833114
0.023671009
0.28104845
0.14868188
-0.10924318
-0.16943827
-0.3505627
0.13693415
0.096771374
0.22036791
-0.13216783
0.07005335
0.27360916
0.022600519
0.2767259
-0.08561961
0.17387658
0.13849941
-0.0033875084
0.036917213
0.0868741
-0.087647885
0.14844254
0.28999278
-0.13590893
0.4455005
0.22970831
0.25067145
0.27593812
0.1971862
0.02318749
0.2372821
0.08242067
0.056142222
-0.1449288
0.25586352
0.112080604
0.12325554
-0.31180376
-0.15916193
-0.11398785
0.10237068
0.017790906
0.18171713
0.17104493
0.12004064
0.060328566
0.4388886
-0.17250535
-0.033139206
0.2869553
0.3737168
0.083287045
0.43097162
-2.785758e-06
0.15191884
0.5159863
0.20630221
0.3644464
0.4738159
0.3923176
0.10983354
0.0062300903
0.0827478
0.011665763
-0.012163755
-0.26600042
0.1163406
0.19465746
0.29365647
0.19665389
0.31884804
0.13069198
-0.14908613
0.4869402
0.32123393
0.1474188
0.080828965
0.026946472
0.12029324
-0.15074052
-0.12061603
-0.04517591
0.27289608
0.29519945
-0.032555923
-0.08175237
0.09907288
0.0980164
0.14515792
0.22408442
0.18265146
0.30034474
0.2627062
0.47905606
0.2868467
0.2945452
0.0013606389
-0.1364418
0.16569902
0.12725376
0.29308516
0.15111403
0.06773045
0.21241647
-0.057699
0.3339958
0.17897132
0.40254214
0.2577541
-0.11001596
0.47628427
0.079346284
0.06686343
0.1987906
-0.10464097
0.1651072
0.080601655
-0.16712123
0.063667215
-0.18801454
0.31649926
0.29251325
0.37937453
0.0015177845
0.16587916
0.4824616
0.37973693
0.18534873
-0.25994068
0.14172603
0.0026743656
-0.31968936
-0.028545002
0.28818288
0.26091126
-0.16052581
-0.2690512
-0.0021751206
-0.023681663
0.5069306
0.43372524
0.28542125
0.24183695
0.4191306
0.21980187
0.03644094
0.084205896
-0.28062937
0.1864866
-0.10364719
0.39488778
0.27956218
0.41118386
0.038975596
0.0056994776
0.08447296
0.07125112
0.19766092
0.21832596
-0.088797554
0.072347775
0.124144986
-0.24768358
0.012975969
-0.0026851334
0.40128037
0.12832868
0.48578644
0.19024144
0.25943863
0.13603613
-0.04182214
-0.01764993
0.045638375
0.46378312
-0.24179493
0.2455332
0.21195106
0.0047206744
0.06010903
0.19232394
-0.0039079725
0.37417862
0.17533672
0.23586264
-0.038308926
-0.026574085
0.13056038
0.07054103
0.03685617
0.086712144
-0.12934054
0.51891166
0.1003052
0.45425305
0.20092478
0.09533789
0.19667679
0.05849152
0.519736
0.064963765
0.09487775
0.08097115
-0.108990245
-0.11333785
0.19178508
-0.06898328
0.1198162
-0.025866453
-0.1268889
0.05258806
0.21513066
0.23233137
0.042412233
0.13538799
0.12024187
-0.13257758
0.022787461
0.14065506
0.44574702
-0.1604602
0.5618785
-0.16963224
-0.1603707
0.13828333
-0.17201658
0.041377652
-0.30227515
-0.014539446
0.1555898
0.25255623
0.11644726
-0.28609172
0.28322312
0.17740618
0.23227419
0.30606645
0.009952511
0.08991478
0.42804322
0.24549863
0.2721436
0.50267386
-0.14997871
0.28073665
0.43624654
0.1748532
0.027884183
0.37867808
-0.033539277
0.009799187
0.08737908
0.25616983
0.39962298
0.3756942
-0.3691061
0.11442448
0.1859714
0.120937526
0.027623143
0.00018195838
0.24904893
0.19779909
0.2677078
0.1417153
-0.07112286
0.12856992
-0.03701146
-0.07290059
0.020313
-0.12159198
-0.053907998
0.11458282
-0.08628616
0.08672925
0.315512
0.12922649
0.1550168
0.2978536
-0.04925492
0.20832138
0.12890561
0.15485904
-0.05376688
-0.10151743
0.26686847
0.23348813
0.025470968
0.34255767
0.0010896544
0.2334178
-0.16484824
0.30656397
-0.07659302
0.033432946
0.004005668
-0.14479837
-0.12764546
0.21089454
0.09265591
0.16759105
0.18447325
0.109032765
0.1651313
-0.016255766
0.06405466
0.024720374
-0.19767971
0.078031905
-4.5547713e-05
0.08531415
0.06785798
0.29575822
-0.060594518
9.455571e-05
0.38048124
-0.14197433
0.040689733
0.44648424
0.13363111
-0.09470313
-0.09177705
-0.03032269
0.3565864
0.12748596
0.062459443
-0.19764034
0.20345294
0.045263756
0.48127916
0.17945129
0.40532774
0.38250688
-0.25643083
0.15730853
-0.15305316
0.11045057
0.1799584
-0.13576132
0.4614283
-0.07177094
0.14746837
0.24181718
0.017736215
0.03883522
0.19901133
-0.026349477
0.16339703
0.64313567
0.10312519
-0.18258055
0.53242815
0.05200094
0.08181049
-0.2732183
0.20372075
-0.18101552
0.18095803
0.29530144
-0.052183397
0.10439277
-0.021073211
-0.030113462
0.36607412
0.009541332
-0.12991309
0.25298813
0.23095149
-0.21644923
0.09592626
-0.44381526
0.008760867
0.23272032
0.3228146
0.023848664
0.53931624
-0.057298444
0.22762875
0.22828999
-0.09245221
0.10438414
-0.01727477
0.16322713
-0.00575642
0.4206159
0.2831808
-0.09359009
0.2310059
0.37679976
0.06433604
0.24169189
0.004826823
0.1804085
-0.18380094
0.079053804
0.14665711
0.00535662
-0.13065286
0.10064705
0.14607911
0.14456561
0.16297397
0.06847291
-0.088973805
0.10632835
0.2611675
0.1811037
0.074784994
0.108645916
0.14678535
0.19151926
0.09281649
0.0012594522
0.04787051
0.11141777
0.055909675
0.09248632
0.38011587
0.22175232
0.10781691
0.093905374
0.14930418
0.067431755
0.32912916
0.14298101
0.097111866
0.14905879
-0.22033484
-0.047243442
0.23050945
-0.12674169
0.104435384
0.09831853
0.0016386354
0.18042591
-0.017315304
-0.019506168
0.27696756
-0.1129464
0.17398101
0.13698441
-0.2200237
0.2758032
0.16933143
-0.02143658
0.34735823
0.08489228
0.1559395
-0.11553171
0.09400267
-0.022130808
0.25891337
0.046830222
0.24734092
-0.08243121
0.07740773
0.16592534
0.26306
-0.21548472
0.08529509
-0.016874833
0.073695645
0.00010909043
-0.02265938
0.030151153
0.02038056
0.0054104296
0.06250979
0.14504616
0.013544374
-0.09840591
0.15529728
0.49204126
0.034212828
0.24014273
0.27758613
0.1699525
0.26052547
0.09681493
0.3658681
0.0011530371
0.038147032
0.4739313
0.11272986
0.13528804
-0.20414974
0.18775786
0.08235256
0.110509835
0.19901079
0.093396336
-0.24802747
0.3866985
0.17850816
-0.13409856
-0.19444194
0.11979212
-0.09287225
0.17098333
0.23538168
-0.14065762
-0.28660637
0.035432156
0.26224285
0.38225958
0.31056705
-0.16874677
0.079305425
-0.08395047
-0.17321227
0.2929145
0.20251927
0.087289415
0.12150453
0.19283651
0.13300414
0.01237676
0.32153282
-0.003916604
-0.02434911
0.16422682
-0.27001765
0.29764703
-0.05998582
0.32502994
0.03666251
-0.1660101
0.2774583
0.35601795
-0.017561205
0.2991764
-0.10035789
0.17240322
-0.27735376
0.21685782
0.009845928
-0.12872888
0.16916375
0.3139885
0.5560821
0.062181104
0.0017923666
0.26206654
0.32480192
0.28944603
0.09267961
0.07206176
-0.0012907854
-0.2567223
0.08896825
0.2249487
0.16484168
0.10190777
-0.371305
-0.05744893
0.11823792
0.2503263
0.10993072
-0.12789097
0.039979048
0.40320405
-0.03068518
0.011434679
0.089800544
0.027746225
0.123656735
0.07771631
0.25197434
-0.11787252
-0.05827787
-0.040527586
0.2711442
0.05987725
0.24855058
0.16913646
-0.07268277
0.295937
-0.2998448
0.20782204
0.13651562
0.040203113
0.0016514371
0.07718485
8.4754116e-05
0.17548107
-0.13366309
0.1488064
-0.1331964
0.06563785
-0.19405349
0.15991656
-0.058821786
0.18355641
0.2122956
0.21551998
0.4781823
0.2560385
0.42206237
0.122367896
-0.0709195
0.07909906
0.01858839
0.01701831
0.04877799
-0.23271465
0.10566161
0.3105644
-0.06709828
-0.044794608
0.015226251
0.1624098
0.09134945
-0.027333293
0.23826161
0.05733263
-0.0034770374
-0.1901279
0.2802315
-0.13988137
-0.1626507
-0.13457417
-0.20825914
0.059471168
0.1667529
0.2586309
0.093043394
-0.2090274
-0.109388046
0.09332443
0.00521907
-0.044511076
-0.10767038
0.3067207
0.22803374
0.020188507
0.107593894
-0.2936835
-0.041021023
0.109269604
-0.27648127
0.07526183
0.11196328
0.10764896
0.2289343
0.4654577
-0.058804058
-0.05419428
0.15662776
-0.038361724
0.06893357
0.13502182
0.08700836
0.37339222
0.1114063
0.029451018
0.47189596
0.2784464
0.30182546
0.010938189
0.29072556
0.36929774
0.31322694
0.10694406
0.33751467
0.0025246514
0.1760324
0.34389
0.39653832
0.2869584
-0.11134392
0.096732214
0.08128702
0.34536207
0.37643293
0.26915812
0.33597234
-0.1685216
-0.21404414
-0.050270148
0.033108402
0.15133564
-0.18153718
0.29779175
0.30738488
0.08636766
-0.034141913
0.165629
-0.1329838
0.29413256
0.040924173
0.26433933
-0.17843872
-0.10637189
0.50697094
0.17165211
0.4294464
0.40402353
-0.19248025
0.15050438
0.15963188
0.08452549
-0.0721485
0.06824031
0.20354547
0.3106774
-0.044873416
0.16033259
0.1527227
0.01758696
0.33635175
0.35726663
0.24735034
0.19308615
0.32812914
-0.24716803
0.20555125
-0.023050252
0.2378602
0.19472593
0.0081050275
-0.071164265
0.051358692
0.09955552
0.056202527
0.24561459
-0.20549595
0.00927174
0.24535559
-0.13768159
0.14533176
0.06089204
-0.05774386
0.12218123
0.0929112
0.06969023
0.07277055
0.20429584
-0.11217843
0.1756952
-0.28544962
0.21933378
-0.15734665
0.0075766672
0.031455316
0.054350283
-0.0012767632
0.46593767
0.07673986
-0.18870652
-0.16397183
0.034148134
0.27015442
-0.23273198
0.09736313
0.1755028
0.08824382
0.110015206
0.06499103
0.1892556
0.024520714
-0.053346705
0.046329077
0.15872881
0.04989976
-0.025974292
-0.2572952
0.04140659
0.3211082
-0.13281387
0.085524775
-0.06335812
0.19278911
0.36140543
0.05870146
-0.012615094
0.13411556
0.053302426
0.030567935
-0.16484532
0.11824698
0.2400362
0.22845517
-0.11602817
0.031540893
0.010321809
-0.022450207
-0.06932057
0.048576012
-0.101482324
0.30690417
0.010755869
0.21623434
0.2077421
0.35565636
0.052589495
0.2981899
0.0879896
0.042236153
0.30383146
-0.0843399
0.30147696
0.43640703
0.37679803
-0.2117738
-0.2264448
-0.08262671
0.25196946
0.14350155
0.09404891
0.29188755
-0.18901008
0.309401
0.24363177
0.20794769
0.29737803
-0.06130015
-0.052807465
-0.056363635
0.07702131
-0.16302189
0.07205994
0.13705894
-0.09473609
0.40284133
0.30234134
0.20861755
0.16583356
0.12336742
0.038417846
0.11870571
0.31598005
0.24615705
0.17036848
-0.24996
-0.22550909
-0.14960995
-0.09074214
-0.04855815
-0.143832
0.025059475
-0.16474062
0.29078797
0.068534665
0.22000135
0.2586382
0.22522451
-0.19114976
-0.24418354
0.23083363
0.20179439
0.00775039
-0.0621275
0.044391185
0.07223085
-0.13867727
0.45189467
0.056115985
0.27132648
0.40922517
0.049733628
-0.23179097
0.37912843
0.2505439
0.24826428
0.37142354
0.019020362
0.24722724
0.007888809
0.13628845
0.12414128
0.19089635
0.20536812
0.033044044
0.20715784
-0.024652684
0.046067465
0.3795494
0.09007208
0.15609077
-0.07073972
-0.16383311
-0.38651228
-0.059642017
0.020574778
0.15279335
0.105512865
-0.15315671
0.14359306
-0.076303
0.040967844
0.10850371
0.052549325
0.09913906
-0.04791801
0.21578833
0.24098277
0.32104516
0.21680763
0.25860158
-0.06734624
0.35319915
0.16387063
0.18055819
-0.112139046
0.14883669
0.19232367
-0.15334757
-0.04345505
-0.21070936
0.24661209
0.29095978
-0.14994048
0.0076116207
