0.011025704
-0.00978003
-0.027161712
-0.06596993
-0.007077167
-0.0037960086
-0.03374077
-0.030631905
0.028652081
0.035101037
0.037812456
-0.0062197247
-0.0116056735
0.05593713
0.053391434
-0.04417664
-0.13613449
0.0025078682
-0.030854383
-0.014404198
-0.057763252
-0.022108706
-0.03794681
-0.017091628
-0.009183703
-0.04468233
-0.010191244
-0.0033187324
0.016633958
-0.065871574
-0.0055685127
-0.017734075
0.0041410313
0.022401502
0.017500231
0.09100971
0.027763313
-0.022990055
0.018664137
0.011483283
-0.06645607
0.050841004
0.024947267
-0.0073477207
0.007426812
-0.026245438
-0.0019105346
-0.006178514
0.013470302
0.034539193
-0.013167565
-0.048565175
0.035686716
-0.025242092
-0.023623487
-0.036267374
-0.020776961
-0.010556582
0.008529534
0.007586625
-0.019939091
0.039740942
0.04664637
0.08549058
-0.018433684
0.022654066
0.032081567
0.006015789
-0.03075547
0.015564118
0.010751737
-0.0060082665
0.020736994
-0.03996847
0.039632775
0.04053617
0.065365374
-0.007311094
0.08677408
0.036375765
-0.047624964
0.11271472
0.10324464
-0.016840719
0.025612632
-0.053757854
-0.008217784
0.0062560122
-0.0032536434
-0.009151577
0.04867986
-0.036798697
0.07664918
0.0036268663
0.04256033
0.021378197
-0.004784019
-0.024943257
0.0393463
0.013971136
0.053591985
-0.0047648274
0.050274197
0.060756505
0.040014215
0.05621466
0.0032425765
0.036995646
0.013134906
0.010738065
-0.07250185
0.07628485
0.055099174
0.016317392
0.02734958
-0.044000138
0.06426126
-0.011924931
-0.046861082
0.030724756
0.033871606
0.07831262
0.025681982
-0.000310511
0.020642111
-0.027170593
0.055382803
-0.0040342957
0.04293799
0.077283874
-0.050563723
0.06719858
-0.0014900299
-0.030308736
0.038837153
-0.01289341
0.049304135
0.1381595
-0.024432367
0.016059548
0.09987714
-0.029968452
-0.098530404
0.094402455
-0.01571541
-0.001114951
0.03530885
0.014636433
0.074892
0.014927661
-0.03387812
-0.042049732
0.040209606
0.099937946
0.033981875
-0.009864018
0.12985039
0.102448575
0.09838087
0.0034549648
0.054908622
0.022809131
0.14525263
0.07314538
-0.094013505
0.060144797
-0.01240099
0.015083763
0.07036199
-0.05470259
0.10071977
0.06465521
0.035867605
0.06890846
0.13986933
0.003878461
0.033741415
-0.048831988
0.14172982
0.055227954
0.05750841
0.1442769
-0.00096073205
-0.076642804
0.15079644
0.074944265
-0.03374671
0.0037648831
0.006165039
0.033274174
0.06274469
0.042458784
0.092029534
0.04017635
0.15190563
0.06943023
0.05753295
0.14338438
-0.030784775
0.0027693864
0.04391385
0.05773034
0.052853804
0.03151109
-0.074804544
0.010364696
0.10771624
0.18436284
-0.010810814
0.1486026
0.016278941
0.017720249
-0.023265354
0.035506472
0.034076467
0.023815122
0.11583167
0.054778952
0.019855404
0.11990959
0.12804358
0.107266165
0.05770782
-0.027345885
0.10509301
0.087433346
0.043905374
-0.10950084
0.16022657
0.099083796
0.0005379371
-0.1098892
-0.16251767
0.09577541
0.05135142
0.09968448
0.031438444
0.0085197715
0.11344404
0.04868799
0.051721778
0.10820034
0.1936738
-0.03163756
0.0068254117
0.11880416
0.006034382
0.023866888
0.13163199
0.11857956
0.13626896
0.08515104
0.044005785
0.02299892
0.0674424
-0.005992024
-0.12308117
-0.106176294
0.1561
0.13392924
0.027550789
0.13380806
0.08682108
0.1614279
0.0009791387
0.14639734
0.07958427
-0.024264429
-0.007860639
0.08418279
0.053728573
0.0445803
0.13084665
0.06605349
0.041568864
0.047358327
0.051768027
0.119240955
0.077532515
0.16090608
0.12362334
0.015831558
0.05807899
-0.0021045697
0.020936826
-0.035925146
0.06575637
0.05904266
0.19301592
-0.0285145
0.22377412
0.05298376
-0.041856978
0.10596671
0.093622595
0.15854433
0.08768506
0.14463447
-0.15731324
0.22746687
0.085280485
0.16699344
0.14477448
-0.009857879
0.14918105
0.09943496
0.08720187
0.2361751
0.033356216
0.1039822
-0.015574597
0.06941346
-0.012740986
0.02459735
-0.026580425
0.104760505
0.08706958
0.13733864
0.17206644
-0.07097917
0.14419527
0.09246466
0.17397244
0.15362851
-0.028042393
-0.17992546
0.09686581
0.0063653407
0.20757167
0.0406867
-0.04907292
-0.00558647
0.15928943
0.0008895066
0.13281989
0.10208349
0.031136116
0.13466582
0.14028111
0.15304776
0.103098944
-0.10101466
0.092986085
0.029242883
0.05311522
0.06501071
-0.044466034
-0.077898204
0.050980918
0.0730866
0.12529278
0.13844673
0.020663906
-0.13496913
-0.016292637
0.15001898
-0.010773345
-0.050444733
0.04541299
-0.079503626
0.055240605
0.06964002
0.10502818
-0.07158488
-0.0021132813
-0.029442511
-0.063937165
0.015476989
0.09747702
0.073657334
0.11086195
0.19964719
-0.0059564076
-0.027265612
0.11827555
0.12918678
0.03797594
-0.0353207
0.28054038
0.15976794
0.011394577
0.050317883
0.15048896
0.09170819
0.18567693
0.14844918
0.23367472
0.06761556
0.07348206
-0.011359478
0.3473755
0.19383378
0.025434183
0.12644361
0.186646
0.116786204
0.15595052
0.13511811
0.13225141
0.058621738
0.038157437
0.011704009
0.05294376
0.051900208
0.075201176
0.21387418
0.06489339
0.14699079
0.12455707
0.040286116
0.16263723
0.09966237
-0.0037189068
0.14365523
0.09483301
0.22064428
0.27696225
-0.07736568
0.01277967
0.10938904
0.054284506
0.25939563
-0.03379951
0.32964754
0.18134268
0.219698
0.044346225
0.15788877
0.14444786
0.06815883
0.10786635
0.114481166
0.0790373
0.10095318
0.1816828
0.06993838
0.20567495
-0.053745206
0.2003227
-0.047140002
0.1896044
-0.16294208
0.0971244
0.08192915
0.058541022
0.30234647
0.10565228
0.17077447
0.20369409
0.035439957
0.30396795
0.14040482
0.22423775
0.31756312
0.075772226
0.16795321
-0.09702353
0.038016923
0.1497662
0.17992665
-0.008332672
0.19717862
0.044308607
0.17516395
0.21400025
0.2307474
0.270111
0.09102726
0.26557335
0.13637306
0.09875587
-0.056530498
0.08652206
0.18827063
0.06891641
0.072942376
0.12190707
0.17903867
0.15219262
0.20505713
0.114776276
0.20136349
0.21193703
0.15027484
0.23045872
-0.016089562
0.090052776
0.10050472
0.2438733
0.012172923
0.15291885
0.16820376
0.282767
0.18447375
0.23673168
-0.0006399774
-0.25507495
0.053026922
0.08971963
0.2258987
0.27878097
0.18275686
0.07462971
0.06367934
0.08282721
-0.09958372
0.102048375
0.08185129
0.34605235
0.16491087
0.09473414
0.16282578
-0.020699287
0.18368013
0.022880172
0.037496004
0.1945919
-0.16231024
0.30770844
0.09869165
0.14798822
-0.08541017
0.17369224
-0.119133115
0.27005002
0.045115177
0.24094857
0.22457221
0.25333002
0.20904946
0.041495826
-0.014385524
0.26801515
0.19139996
0.24552426
0.13032196
0.32801324
-0.2277823
0.24428694
0.030336484
-0.22043908
0.20414351
0.106247224
-0.021731561
0.07313864
0.03575007
0.21927601
0.17776786
0.30426043
0.037048172
0.2594157
0.045821626
-0.09045731
0.07831739
0.29454872
0.14853838
-0.016844232
0.044514887
0.16085538
0.24702278
0.060098723
0.19404323
-0.06534717
0.21101223
0.36110064
0.08350577
0.12457896
0.1697884
-0.039298683
0.14685342
0.31834128
0.100738436
-0.14757039
-0.10167733
0.21180558
0.07378708
0.12871191
0.32748702
0.02335546
-0.05569253
0.12036177
0.20491306
0.31675154
0.44245544
0.12535748
0.09148213
0.18327278
0.10137077
-0.076366216
0.19859505
0.33878312
0.27266824
0.30316946
0.42343858
0.23358344
0.14643209
0.30806643
0.24772844
0.15527815
0.14641273
0.23832631
0.27243274
-0.061727703
-0.05026098
0.011655809
0.23840709
0.27711383
0.41153067
-0.24426651
0.0039018295
0.02072927
0.26624086
-0.098957345
0.061053645
0.3322706
0.45128325
-0.19278951
0.16229557
0.09712896
0.12598716
-0.12628925
0.16546078
0.25897378
-0.023406373
0.122101195
0.22615859
0.116798304
0.16867529
0.038921483
0.04479313
0.28658488
0.14310265
0.27724996
0.2918593
0.14598858
0.26329786
0.05850885
0.10226154
-0.2162468
0.36102885
0.3629082
-0.0872902
0.082337886
0.15617031
0.045446694
0.31713262
0.3668634
0.24210043
0.075348645
0.2214879
0.3221171
0.038395017
0.10888038
0.113455854
0.16423842
0.41726634
0.21587409
0.045458294
0.09294562
-0.15292828
0.027028818
0.119568564
-0.027433367
0.42425624
-0.08161553
0.28703764
0.36272877
0.17450368
-0.08287417
0.27459422
0.46533644
0.31355807
0.25831395
0.19817276
0.18836138
-0.009127622
0.3379021
-0.032340195
0.35821816
0.35793516
0.24638255
0.39171886
-0.058295347
0.35367697
0.16771099
0.29516053
0.3761289
0.35379142
0.34992602
0.0731037
-0.20400165
0.22996834
-0.021069203
0.43640622
0.25309208
0.19604161
0.17590751
0.11422949
0.4811255
0.21354198
0.10629844
0.4263563
0.22529368
0.13083719
0.014545459
0.33226094
0.37546948
0.383553
-0.18528196
0.13104767
-0.043482188
-0.111267865
0.09805085
0.07263562
0.15361783
0.01914164
0.0039575524
-0.08395164
0.048257627
0.18050389
0.052117873
-0.11886025
0.055446263
0.0660312
-0.034163743
0.2951791
0.12362382
0.09925649
0.20127718
0.23650275
0.32042637
0.14257923
0.24211152
0.2669432
0.2697808
0.23903163
0.017552909
-0.046303153
0.18368514
0.18289511
0.27917212
0.20071816
0.16253668
0.12450749
-0.008121556
0.097733095
0.253668
-0.068498164
0.29744747
0.060509514
0.05727994
0.10576269
-0.038426355
0.3511146
0.019847265
0.28128365
0.18612489
0.3087309
0.32754824
0.33997586
0.23086317
-0.04441861
0.14494455
0.122793004
0.38350487
-0.047901385
0.053656142
0.119789846
0.41414994
-0.0069428864
0.3879487
0.39389622
0.07768652
0.36742762
0.33388412
0.117164634
0.32957536
-0.17404315
0.21526207
0.24647711
-0.10713251
0.30615148
0.45957527
-0.17003292
0.31783527
-0.14952758
0.43602347
0.09125942
0.046136282
0.18407275
0.13537899
0.30345455
0.20594573
0.4132481
0.119716816
-0.0732151
0.24094546
0.294549
0.015642202
-0.13552688
0.09966488
0.10488036
0.33998102
0.043508396
0.21256356
0.23166156
-0.32845697
0.44949055
0.06040722
0.30750299
0.19510452
0.06688032
0.36388907
0.28353828
0.15678696
0.4541483
0.45349032
-0.024851784
0.2529629
0.40034777
0.08172476
0.41172037
0.4702529
0.42120668
0.3898169
0.3482209
0.20666613
0.21861753
0.17645065
-0.21221903
0.20157517
0.30443782
0.22575715
0.17270547
0.44197196
0.36502716
12.542307
0.2201496
-0.0694815
-0.015722623
0.295971
0.30713227
0.18996803
0.2830393
-0.27018008
0.22544067
0.30163214
0.1607385
0.14176567
0.48944753
0.46309122
0.109220095
-0.35758632
0.101363905
0.048765313
0.34427994
0.06464488
0.2667549
0.0066616354
0.18796065
0.0047588977
0.18646778
0.22905217
0.19214264
0.22894476
0.23426461
0.4749627
0.070793465
0.4666122
0.06303073
-0.049090836
0.0974054
0.04030148
-0.046424013
0.20997089
0.3073735
-0.0044228635
0.101522245
0.40317848
0.41456494
0.00200477
-0.03258741
0.23506112
-0.023735816
0.19355553
0.2679071
0.26442003
0.30124846
0.40446985
0.21084382
0.28538227
0.30348402
-0.09003978
-0.2058923
0.3807423
0.31008336
0.28554857
0.23232418
-0.12423967
0.21346003
0.3814342
0.24145877
0.27775377
-0.2517213
-0.09244625
0.54055053
0.2952649
0.32239836
0.32954818
0.25799462
0.11520227
0.18255123
0.3632237
0.33504948
0.4642905
0.06773659
0.35341603
0.23154907
0.26892015
0.16006832
0.00602024
0.44540226
0.29707918
-0.011679483
-0.08933603
0.14205389
0.5237751
-0.05733214
0.37451124
0.5353787
-0.27116036
0.14919761
0.46367043
0.39570826
0.07670567
0.13084735
-0.01364558
0.3515627
0.30325812
0.018847287
0.089242056
0.2595166
0.12718463
0.3046776
0.4722226
0.23365848
0.40134808
0.3150042
0.38440514
0.47054142
-0.14273043
0.37031084
0.45566717
0.5317735
0.44473267
0.19815731
0.25342274
0.25861454
0.3993659
0.3146769
0.3692681
0.18634121
0.4325038
0.42830735
-0.15133576
0.39299813
0.40104297
0.0690294
-0.10117828
0.21291076
0.24523649
0.47538498
0.27354932
0.2514164
0.08944077
0.41958478
0.2949722
0.20636775
0.38352028
0.45205906
0.11682817
0.41794276
0.43290138
0.12816972
-0.03164832
0.34264606
0.17110063
-0.09118675
0.22526823
0.0006202999
0.45068842
0.42798066
0.268253
-0.036940444
0.061250214
0.4905997
0.331032
0.33665052
0.483645
0.44764993
0.25897956
0.24708198
0.02348355
0.2626728
0.30028865
0.011159365
-0.0063261134
0.38493556
0.45996836
0.37872416
0.30067545
-0.04101549
0.30649483
0.45270434
0.23779218
-0.012682653
0.70991933
0.09201824
0.22441377
0.45713636
0.4721868
0.45449418
0.3197106
0.41635093
0.29070643
0.19910187
0.25185272
0.11975484
0.37956572
0.64895105
0.19366826
0.2643428
0.27080727
0.23739968
0.4870545
0.44436535
0.009656298
0.19422531
0.06368306
0.29925424
0.31332967
0.53404963
-0.37692946
0.17372076
0.1420286
0.33342162
0.48877743
0.3362675
0.4307117
0.12378146
-0.25227487
0.44219008
0.3330019
0.09612644
0.24639447
0.53837997
0.16711561
0.62040216
0.18791096
0.11355235
0.37449664
0.111300945
0.3606562
0.40953186
0.4337684
0.22731285
0.50037104
0.4971113
0.6293467
0.39210734
-0.038761504
0.04330993
0.23073395
0.4752415
0.33010176
0.5960051
0.16159849
-0.009261132
0.2929526
0.49935403
0.39912176
0.4567227
0.25563627
0.14565338
0.39002842
0.49380806
0.4083727
-0.24072656
-0.18931036
0.058999117
0.102685384
0.3614097
0.36028647
0.010036594
0.5266547
-0.036164414
0.47856894
0.2746589
0.38035813
0.50322366
0.24842
0.58413935
0.2748984
0.24295779
0.5561156
0.33677816
-0.0695991
0.021757612
0.27347752
0.19195929
0.52574414
0.31685048
0.49635628
0.066247426
0.27733257
0.19534922
0.25166348
0.24252613
-0.1875436
0.17799279
0.42722094
0.24106674
0.49619016
0.42050827
-0.02331194
0.5189088
0.45682913
0.517282
0.3408242
-0.5913897
0.44623515
0.2959902
0.16857822
0.5346455
0.35507262
0.36031336
0.045877416
0.039826628
0.56585234
0.60072005
0.08033547
0.56156445
0.45744905
-0.2557751
0.34549746
0.028226078
0.31841534
0.33634916
0.52679473
0.03911783
0.22120702
-0.3362545
0.018821578
0.4278445
0.43552646
0.37405515
0.3704797
0.54616374
0.7587498
-0.20352763
0.5495029
0.09609841
0.05348079
0.50137895
0.3632396
-0.13539425
0.4143847
0.63229954
0.12942453
0.5645037
0.3934311
0.06811815
-0.059963185
0.33627024
-0.1157769
0.54666084
0.2438301
0.5112986
0.34312686
0.386035
0.41668895
0.5100765
0.23074982
0.52730733
0.30873784
0.6550191
0.61798966
-0.26253977
0.30040744
0.60772806
0.3542789
0.11995974
0.49709707
0.451267
0.5041239
0.46021608
0.10588982
0.35779887
0.6157979
0.6210337
0.5708759
0.16663365
-0.23956057
0.15382144
0.51956475
0.039298404
-0.085593164
0.3205797
0.32982686
0.4852259
-0.02306363
0.36073777
0.6596181
0.09769758
0.55968916
0.31147036
0.33805478
0.014627947
0.29904354
0.47764
0.61381465
0.028285839
0.414091
0.11628851
0.6061685
0.63214284
0.30564064
-0.32175156
0.06195912
0.18440554
-0.006672603
0.50209564
0.4395583
0.42151958
0.6485248
0.2874486
0.6712728
0.43365195
0.48096514
0.44806737
0.16514857
0.4980801
0.39421213
0.3840286
0.22901857
0.24345848
0.24350546
0.3683499
0.5284906
0.3782245
0.17175026
0.041014526
0.45134363
0.4471388
0.7141996
0.3867331
0.25582388
-0.0656184
0.018399812
0.21918795
0.48925194
0.34121224
0.54550385
0.5507677
-0.28240657
0.46941233
0.12803984
0.22540666
0.5388459
0.41554043
0.24911222
0.035381168
0.087138206
0.31036085
0.014458845
0.2266532
0.14852484
0.35256872
0.49424255
0.55767447
0.6528347
0.3376683
0.3122695
0.39383817
-0.0050966186
0.52224624
0.34854683
0.34762278
0.4630794
0.18162768
0.65333426
0.55551445
0.62916934
0.44375068
0.7012036
0.4856801
0.40353876
0.57537264
0.09104297
0.18869235
0.03010844
0.25845405
0.6259761
-0.40872723
0.058837574
0.39120004
0.5119318
0.55787027
0.36484304
0.4643085
0.36213356
0.56456035
0.7085788
0.5654956
0.41199628
0.35676783
0.2518156
0.35744882
0.572973
0.43758914
0.54251623
0.0797551
0.5102848
0.73834115
0.6345686
0.5817529
0.29108337
0.47449917
0.6198476
0.48031357
0.30393916
0.515843
0.510627
0.62975115
0.71213615
0.6719356
0.43414098
-0.09697691
0.08291814
0.23303378
0.39538726
0.39457226
0.023664046
0.45164916
0.23889072
0.2569154
0.6037674
0.18494774
0.58268857
0.2438045
-0.043930035
0.5687301
0.52559125
0.6779918
0.53380626
0.3411778
0.59594554
0.5637264
0.45560732
0.49112388
0.36004034
0.6623421
0.5669825
0.6001334
0.34689844
0.23106968
0.18508317
0.21239455
0.4582675
0.44190764
0.3788054
0.65621555
0.56752914
0.2182911
0.44312626
0.17275348
0.29616204
0.5671214
0.688768
0.18060355
0.39701092
0.17671095
0.6129669
0.80623317
0.2517931
0.094607174
0.50730175
0.103708856
0.59754544
0.23267645
0.41692522
0.38203827
0.70932424
0.6005733
0.3387549
-0.09597108
0.116264306
0.679417
0.6551874
0.27010483
0.17751552
0.61315113
0.46733785
0.47988662
0.28053248
0.27374133
0.2812988
0.43548292
-0.17687266
0.05211704
0.31206602
0.48211035
0.45847207
0.20485657
0.42859223
0.30193403
0.16057965
0.04320054
0.6747855
0.61261064
0.763523
0.48435697
0.6428706
0.6738842
0.17333664
0.55171293
0.41614142
0.8050567
0.43945488
0.65405846
0.6237856
0.45398566
0.65
0.6897237
0.53597087
0.15688424
0.6548046
0.5665087
0.31999567
0.5192525
0.37958512
0.6624923
0.21990824
0.42353973
0.64479816
0.6143765
0.50494915
0.46245998
0.30367458
0.45776212
0.74884397
0.231699
0.52009624
0.41751954
0.6224645
0.7067148
0.011537489
0.2439089
0.46722504
0.42505622
0.00756448
0.23199795
0.49187592
0.39280733
0.39038882
0.36234987
0.20505433
0.4898547
0.69222194
0.49602294
0.47008672
0.7039023
0.26926488
0.5960707
0.42395532
0.37000948
0.57568526
0.3169226
0.5877647
0.34324542
0.7149803
0.53951705
0.7377802
-0.18866983
0.6231953
0.5776561
0.28260848
-0.14296025
0.6128969
0.6179032
-0.015080653
0.708159
0.59122187
0.68363434
0.5883285
0.4954848
0.17652357
0.56876177
0.6202851
0.6227307
0.35529009
0.4398984
0.5726298
-0.46872628
0.06403097
0.2425021
0.85823435
0.7219352
0.19064873
0.1593457
0.7438681
0.0959259
0.004912286
0.621277
0.38483518
0.59945536
0.8056849
0.17757173
0.5287037
0.19507423
0.48632276
0.61033225
0.5507447
0.3632013
0.38587347
-0.014428134
0.6281002
0.6680768
0.75211877
0.28146872
0.5361062
-0.23830721
0.5320688
-0.016430896
0.7356916
0.18235634
0.7277133
0.5842967
0.47066674
-0.07797163
0.7015982
0.7107208
0.51218224
0.69245976
0.80600303
0.44207734
0.44788948
0.17341465
0.23031124
0.89205706
0.27082127
-0.027823724
0.73592615
0.7173622
0.6760471
0.4808777
0.8093471
0.42732266
0.66186
0.35935277
0.4597575
0.8237085
0.4759279
0.4647696
0.19681121
0.14933446
0.6372571
0.26998338
0.3916419
0.81275964
-0.12182849
0.5669327
0.35016713
0.07704222
0.64288527
0.7066503
0.630069
0.32185283
0.024762042
0.6084746
0.7120691
0.6207536
0.5518922
0.674608
0.84111094
0.3965906
0.64944893
0.49947253
0.67074037
0.53976214
0.4163274
0.6686054
0.64629614
0.69402
-0.35949185
0.65136045
0.6663649
0.3422156
0.053311024
0.39612415
0.77716327
0.7484898
0.21543448
0.8789558
0.62499934
0.81658775
0.7069187
0.9314029
0.7851821
0.7775149
0.5517721
0.88261867
0.71690685
0.3930791
0.76002264
0.8118766
0.17611177
0.8467851
0.7447649
0.7332511
0.73869526
0.74499464
-0.37595832
0.45711458
0.53584677
0.7346791
0.8327578
0.453919
0.34283385
-0.053492885
-0.009681175
0.5427444
0.5073023
0.5431796
0.7702442
0.5063999
0.7238927
0.026425213
0.89479226
0.56769335
0.8530688
0.6665236
0.9572297
0.16600066
0.22828697
0.5347079
0.83994734
0.16490556
0.64665246
0.5061559
-0.44524756
0.71431375
0.7104201
0.3859647
0.39812967
0.84468913
0.54736394
0.55653656
0.0891916
0.6563598
0.6241758
0.6570791
0.8875242
0.78932613
0.6403194
-0.04708341
0.094630495
0.65331995
0.8113528
0.7717089
0.6717234
0.40402076
-0.20201072
0.7484828
0.6253153
0.24178354
0.48731244
0.598412
-0.056715988
0.04531583
0.593341
0.80182093
0.46310347
0.42384088
0.5300091
0.47621334
0.8172106
0.6552033
0.41276032
0.8604972
0.83073205
0.65308696
-0.17472667
0.8510832
0.66677976
0.7021664
0.62944996
0.9174342
0.47623953
0.6608078
0.57668865
0.92962086
0.5453922
0.7964479
0.5608251
0.7288445
0.23465398
0.4331478
0.6559534
0.7416412
-0.049191996
0.801832
0.62570304
0.3460861
0.4847762
0.7388046
0.7846578
0.6441427
0.4876792
0.5763248
0.32612765
0.8112726
0.015075547
0.5997775
0.48151508
0.07065128
0.35771713
0.1280666
-0.017851152
0.51690745
0.5748789
0.79150796
0.7029723
0.722068
0.6825522
0.59376305
0.8473972
0.6040823
0.21665284
0.4780283
0.86036277
0.62268835
0.8109915
0.7644378
0.25167316
0.43220377
0.40043005
0.6519739
0.69808745
0.63479036
0.36161417
0.6347555
0.6123085
0.7637805
0.28029728
0.69886816
0.9486943
0.659901
0.6676781
0.7669914
0.8451088
0.8056901
0.64270437
0.90689903
0.7746892
0.87424654
0.7861487
0.7473551
0.6717537
0.6339056
0.59722835
0.18893512
0.55071074
0.5113103
0.019532716
0.537553
0.68723905
0.37244493
0.60941064
0.9119521
0.37627485
0.85646945
3.0143642
0.39208472
0.2259212
0.5438732
0.672947
-0.4585639
0.9447098
0.69224125
0.76870453
0.64892364
0.5845574
0.47795725
0.39061627
0.38619152
0.46707726
0.9950154
0.73221403
0.82455677
0.6574579
0.75849926
0.07137359
0.77764404
0.6875506
0.710402
0.6050396
0.48339674
0.5217945
0.8355425
0.6610273
0.39297682
0.34999195
0.83646214
0.6982595
0.7935417
0.69751585
0.71347624
0.6877345
0.7426238
0.036289446
0.33353654
0.43854633
0.87305623
0.30783248
0.54001373
0.48201737
0.4452836
0.13970234
0.8097536
0.8586734
0.8454601
0.795962
0.47039425
1.012015
0.20421644
0.14880575
0.8408654
0.6446826
0.6635575
0.69742024
0.6786569
0.60782254
0.98952144
0.7925681
0.8385839
0.59603995
0.7070133
0.99214417
0.766347
0.77324116
0.5137719
0.7694374
0.53056985
0.36147124
0.6847734
0.18978994
0.008486471
0.005150476
0.21401657
0.8706833
0.89648235
0.66751814
0.5644631
0.4432419
0.68571854
0.6958344
0.835214
0.1878264
0.8367511
0.9239706
0.86926013
0.7661306
0.9916451
0.9448113
0.85579807
0.6688087
0.41841602
0.6842852
0.39805838
0.59342724
0.9482711
0.8453542
0.850793
0.51368874
0.17797206
0.7441303
0.62083256
0.91552347
0.6960863
0.96786714
0.6932305
0.49529302
0.89490885
0.8090757
0.54758584
0.8499309
0.7911823
0.36899033
0.71776587
0.80756724
0.750574
0.5193649
0.7397545
0.3908344
0.82634264
0.7506098
0.8418043
0.6749281
0.79761267
-0.23952428
0.7379815
0.6547489
0.7827069
0.77977145
0.87605834
0.56230193
0.011814693
0.8371522
0.51386005
0.5986284
0.8909761
0.692488
0.7444717
0.52226466
0.7902577
0.68587416
0.74630344
0.736254
0.84184337
0.6776704
0.26345956
0.7309668
0.6462605
0.80582166
0.7566363
1.0232124
0.7373385
1.0701504
0.80133235
0.8847631
0.5876445
0.5927053
0.5594654
0.49237758
-0.07503426
0.4230599
0.7572648
0.7999661
0.641263
0.6787535
0.8504642
0.8320547
0.6961053
0.40232074
0.8523093
0.5135951
0.33447307
0.07585309
0.5717959
0.95430475
0.78112733
0.5515954
0.6516096
0.59763247
0.72403365
0.62216
0.8612382
0.9165376
0.5592444
0.5758538
0.8873625
0.77667964
-0.15906706
0.93580973
0.7416485
0.54667693
0.7123249
1.0519848
0.55544657
0.3964494
0.84134674
0.5497604
0.7999076
0.44984946
0.29638264
0.89397377
0.7311664
0.62089825
0.86604166
0.32632908
0.69640946
0.4849223
0.84075826
0.7673934
0.64743
0.32536584
0.58380985
0.64174926
0.7690967
0.97867244
0.6898363
0.43230763
0.21737126
0.6969918
0.71585417
0.5784222
0.858172
0.49082118
0.09467878
0.16085595
0.122489996
0.6492059
0.5036005
0.43534085
0.40455502
1.0190533
0.58300686
0.7388463
0.47286576
0.5437462
0.4463268
0.7963753
0.7126621
0.72330517
0.532977
0.63046557
0.53855467
0.45731357
0.58448684
0.23542832
0.54299986
0.71510607
0.920127
0.33684656
0.6373382
0.60266477
0.65254986
0.5334784
0.78536254
0.8036383
0.91873944
0.71403575
0.8183165
0.70092106
0.8656654
0.6570555
0.6470608
1.050966
0.5714314
0.5654455
0.7548179
0.7170487
0.61182904
0.7198386
0.2779767
0.6872668
0.8957922
0.58280486
0.44317424
0.8522472
0.767806
0.44446692
0.66145265
0.23551099
0.77534807
0.60372335
0.79647464
0.5982204
0.71437454
0.5174
0.41986158
0.57835907
0.55991304
0.7602754
0.5505952
0.58729607
0.4743565
0.70743316
0.6979514
0.57778966
0.55998653
0.77237415
0.88691926
0.31137264
0.4530329
0.5377449
0.32795173
0.07315599
0.03611061
0.69798595
0.73595583
0.6433198
0.5789604
0.70345443
0.23542231
0.73938227
0.26598963
0.029700758
0.308463
0.88153
0.47561753
0.6889015
0.7570363
0.69428784
0.68667823
0.57834405
0.7303152
0.44158968
0.5276456
0.4928905
0.6808119
0.537336
0.58732337
0.53147405
0.2910905
0.1651578
-0.062398896
0.070781276
0.56850624
0.7943908
0.38881105
0.5872314
0.5478974
0.29738903
0.72551036
0.9324251
0.6558841
0.6007235
-0.32960585
0.9080925
0.5228858
0.75951326
0.17241547
0.13846566
-0.034191303
0.6459271
0.4075407
0.9144652
0.64456195
0.58609676
0.1689002
0.24060702
0.09269165
0.6534062
0.38312536
0.4244172
0.34584153
0.43004707
0.47830275
0.3668426
0.5946103
0.6276356
0.7144684
0.66938376
0.35331452
0.6527735
0.4386459
0.14987352
0.6586064
0.5466653
0.5113749
0.27597347
0.74383384
0.6085524
0.52863216
0.9688092
0.73967445
0.4747173
0.23064011
0.24461052
-0.123832725
0.010559822
0.5553528
0.59780157
0.6148026
0.23828046
0.08888079
-0.078276455
0.05818545
0.88060623
0.7575628
0.74517095
0.8876014
0.5119841
0.760986
0.7793279
0.4918825
0.5869224
0.49335733
0.5690119
-0.042063285
0.14267683
0.6641951
0.5027282
0.6419109
0.5000653
0.6969148
0.7294178
0.7263875
0.58393455
0.67461145
0.6370527
0.36557326
0.7543858
0.7990275
0.60268
0.44306347
0.52339303
0.59302306
0.65268165
0.74429137
0.3586662
0.26497892
0.54960954
0.7850624
0.696105
0.7222259
0.589504
0.7123382
0.30199805
0.059505504
-0.025730638
-0.10391799
0.46312183
0.63995045
0.6954013
0.64533406
0.5356117
0.44427237
0.5940568
0.7557484
0.61004925
0.5657588
0.85748905
0.5528701
0.22463244
0.47912982
0.40212023
0.2063427
0.5567633
0.64179254
0.7301378
0.4128992
0.60090405
0.48615453
0.74507207
0.10214516
0.767517
0.51862663
0.039013613
0.091877095
-0.37569946
0.8323017
0.6995139
0.5289812
0.50455743
0.5976242
0.64395636
0.568537
0.7431611
0.49117222
0.7256594
0.60001504
0.41224864
0.78661937
0.70234233
0.6126573
0.63969296
0.25205395
0.23113956
0.62748075
0.5158485
0.5294104
0.4140231
0.7164082
0.03757189
-0.00044502484
0.061042815
-0.030647788
0.45377314
0.6939168
0.33534926
-0.11745722
0.49634838
0.51309305
0.32741174
-0.07751867
-0.32164103
0.8543654
0.7297475
0.5570094
0.23258275
0.8676481
0.76622736
0.31325787
0.5527503
0.18316193
0.5900958
0.7048081
0.7775206
0.10152155
0.18678486
1.0195187
0.5633529
0.5409475
0.5027258
0.55452603
0.35702246
0.49400327
0.6943531
0.38746485
0.32584608
0.06433838
0.06578564
0.71584487
0.6269758
0.5946346
0.55532295
0.4223074
0.042408776
-0.019515276
0.5604837
0.43306035
0.7977266
0.67735296
0.74919474
0.7159909
0.6142623
0.6759404
0.5717666
0.6900278
0.7254456
0.6734983
0.7292119
0.41584092
0.2925278
0.6799451
0.529135
0.73347545
0.78028506
0.5406949
0.65910494
0.58266747
0.5301595
0.26622635
0.71539444
0.6850541
0.06063356
0.17813577
0.57979405
0.6103789
0.7277906
0.58722866
0.6197717
0.68794763
0.6500149
0.81657255
0.38423604
0.12136467
0.5604177
-0.026692266
0.02620881
0.031233503
0.75498015
0.7459682
0.6019025
0.49190786
0.44568363
0.5210223
0.56383306
0.08317247
0.6023947
0.40551406
0.6564639
0.32676515
0.59823287
0.6252146
0.7885507
0.41638437
0.25810447
0.70027584
0.58568764
0.7294551
0.65526664
0.6893799
0.8349091
0.5149791
0.4732035
0.35989484
-0.18077488
0.5223514
0.4665736
0.6672267
0.45878673
0.49736372
0.65927374
0.77946484
0.37665862
0.700801
0.43864962
0.11350223
0.23420766
0.44389224
0.78028077
0.5065834
0.4356392
0.7104715
0.62253773
0.658404
0.57160604
0.7151814
0.4371182
0.59225833
0.357402
0.4259419
0.58600634
0.5159957
0.6457952
0.6711603
0.60723513
0.54416865
0.7702966
0.6286566
0.34052742
0.61637133
0.4290317
0.47526583
0.46961948
0.8909148
0.2730496
0.50965947
0.072421744
0.49439445
0.7712179
0.4692472
0.5336492
0.512367
0.804935
0.562509
0.99894893
0.6512894
0.7370177
0.62547785
0.46411255
0.51460433
0.4206596
0.3989519
0.73705304
0.35899052
0.19891544
0.5634381
0.32587823
0.6810062
0.5179255
0.6270619
0.26401284
0.5600241
-0.051367074
-0.09315989
0.071381874
0.5484457
0.54830366
0.572603
0.7371642
0.57628524
0.82164407
0.5737926
0.6665634
0.5521443
0.18430069
0.23360784
0.57768697
0.7374771
0.55829936
0.54785424
0.58698666
0.6614956
0.78338164
0.46084186
0.5936743
0.7367326
0.24181318
0.13218303
0.5231029
0.14447685
0.21444069
0.794665
0.56563735
0.74917555
0.42775753
0.7798329
0.37416643
0.6624644
0.9625809
0.5114068
0.3038778
0.56052196
0.36865762
0.58030796
0.6464766
0.65041274
0.45947802
0.5132529
0.66014516
0.120322384
0.46240732
0.48798046
0.25015754
0.026932875
0.5477332
0.5272263
0.6787429
0.73788476
0.56252694
0.6877043
0.46667355
0.5716657
0.5528084
0.42340767
0.30994403
0.4713541
0.4103385
0.57216865
0.5412404
0.37084603
0.641057
0.55177635
0.3399102
0.03469716
0.6867569
0.2319633
-0.05103192
0.45737934
0.44606918
0.6574578
0.4975266
0.34222788
0.38591963
0.8509331
0.3189535
0.85860467
0.57939714
0.5158856
0.42518944
0.24861144
-0.032691166
-0.26192266
0.5155295
0.39403838
0.7349508
0.66449916
0.5027153
0.3576133
-0.09052781
0.8565857
0.5229931
0.29022902
0.7423614
0.40955865
0.28879762
0.4112107
0.79735225
0.52793735
0.41076654
0.687334
0.048936337
-0.03708974
-0.057902664
0.7179171
0.7268426
0.5584064
0.73667055
0.40402856
0.11365932
0.02745799
0.0046083764
0.62029225
0.40693566
0.4586424
0.5588837
0.010112713
-0.07185175
0.5793693
0.6114146
0.4969764
0.6240169
0.39629254
0.7716391
0.73689806
0.3950608
0.4860679
0.05740992
-0.088100746
-0.20620866
-0.2696591
0.65083104
0.15676768
0.7616464
0.6155389
0.39543825
0.19501673
0.422764
-0.023439959
-0.13816005
0.37626725
0.40017778
0.5741739
0.2548082
-0.018858105
0.4380247
0.47871238
-0.16798975
0.10370197
0.0014907806
0.004420826
-0.06095194
0.40197393
0.6679189
0.50203747
0.6194162
0.49868074
-0.11692489
-0.0071895057
-0.11378099
-0.056964185
0.5360738
0.35093206
0.48996428
0.04106398
0.18359745
0.09490496
0.04886123
0.63510364
0.5751178
0.67165166
0.4805062
0.649543
0.055805326
-0.06778255
0.9454175
0.5923812
0.016669983
0.21756797
0.08756201
0.45552087
0.3920235
0.3062902
0.5297526
0.023776561
0.31668228
0.2509974
0.7159546
0.5225161
0.19742896
0.20881742
0.6221302
0.0651794
-0.0511671
0.010762846
-0.11775108
0.4705009
0.55916935
0.6106841
0.19640407
0.024600198
0.3515154
0.037405275
-0.06590591
0.03398306
0.6347215
0.41097704
0.62021595
0.0474825
0.04941298
0.69440264
0.5916243
0.64800864
0.06292563
0.24415196
0.38946682
-0.058703206
-0.070691824
0.50423366
0.49886736
0.48465148
-0.01491337
0.18395196
0.4926466
0.38414264
0.4471808
0.51416993
0.17269675
0.6483608
0.44018668
0.10043178
-0.02005667
-0.24364235
0.42637303
0.67393374
0.6165973
0.6625624
0.15127382
0.03410187
-0.1574321
0.07452809
0.22679976
0.580409
0.5799872
0.19149865
0.41470516
0.09451376
-0.086590424
0.05071925
0.008662964
-0.20037943
0.14578499
0.30538604
0.7853957
0.13045548
-0.29442507
0.45026374
0.41285068
0.23000035
-0.0928252
0.034468144
0.055163022
0.4893368
0.49849364
0.47829404
0.3783731
0.21223629
0.060738403
0.14757705
0.57192427
0.5698637
0.022298682
0.40880868
0.5169574
0.4520889
0.7213869
0.6816462
0.17676574
-0.09604614
0.06697328
0.11607294
0.31635237
0.5088443
0.6223177
0.31482616
-0.12858063
0.25801197
0.110138886
0.70513
0.08359022
-0.056114342
-0.0047615604
0.46855506
0.41256392
0.5809486
0.57226616
0.12913696
-0.072404705
0.5495639
0.5999662
0.05466941
0.5342406
-0.013218163
0.05712209
0.25632086
0.36753565
0.2118335
0.089171916
0.08386694
0.40765
0.608019
0.5045724
0.43318108
0.43889797
-0.010871851
-0.09524765
0.6534811
0.52275777
-0.036804456
0.3586805
0.12008904
0.014613663
-0.09292371
0.52963006
0.49840125
0.30448148
0.27792162
0.078728646
0.30518612
0.18402293
0.4722291
0.5589251
0.19011189
-0.17801464
0.6812496
0.5156887
0.551688
0.6752776
0.49037975
0.26651892
0.014579714
0.685823
0.5501978
0.048961423
0.5860648
0.65928197
-0.027031843
-0.10839283
0.35660586
0.4594567
0.47236878
0.25590175
0.2404373
0.63911444
0.30583888
-0.027241912
-0.018077364
0.012719851
0.6894575
0.2988179
0.46244052
0.41033718
0.49406296
0.447109
0.51509285
0.0031568944
-0.13714646
0.03772538
0.31947136
0.23922803
0.48738444
0.3953435
0.36492577
0.5461187
0.5312364
0.23301986
-0.07917624
0.49441084
0.6084694
0.21556291
0.42846304
0.25337496
0.043684795
0.022299906
0.70476115
0.5921214
0.46349248
0.43336147
0.40936455
0.0075253877
0.46233532
0.6422579
0.5406786
0.8074172
0.6201806
0.6291843
0.39410755
0.55768377
0.25975946
-0.118245006
0.03917582
0.15276736
0.47880632
0.7339169
0.19843139
0.3356134
0.4289708
0.5303458
0.15123127
0.37827727
-0.090039805
0.095276445
0.6195612
0.25382948
0.7475938
0.21833977
0.008172413
0.033557467
-0.053773846
0.44225308
0.41798985
0.29250997
0.6309901
0.3975015
0.7699347
0.4866971
0.6673858
0.10684763
-0.07823061
0.19780904
0.5539455
0.62555444
-0.092864476
0.44823384
0.45034605
0.52695704
0.5052413
0.75238764
0.2170385
0.019575838
0.4158487
0.32524353
0.70044106
0.30240273
0.044046257
0.6086193
0.17603794
0.2467252
-0.1120021
-0.07664962
0.45672035
0.683654
0.36326665
0.6061013
0.5112418
0.5107173
0.1679093
0.109030984
0.47914323
0.57712924
0.123859756
0.4107776
0.43055645
0.21130484
-0.1545924
0.6113584
0.38716003
0.25731307
0.52826077
-0.017787216
0.04257963
0.35009974
0.43266916
0.7152371
0.6167272
0.60650074
0.24206837
0.18896393
0.02481567
-0.11610548
0.6641152
0.36716893
0.06561399
0.4876489
-0.016138755
0.0051229782
-0.04980512
-0.249951
0.548673
0.5025076
0.43627077
0.5909207
0.59742725
0.43267468
0.39990228
0.24610564
0.051681116
0.15288201
0.5868075
0.28396285
0.38324207
0.59162474
0.3496795
0.15228122
-0.075981334
0.49235293
0.6998801
0.63828504
0.45979822
0.4013128
0.3218121
0.40468827
0.08035545
0.040945332
0.6144992
0.48742768
0.37382895
0.082644634
-0.058146894
0.015674615
0.60010403
0.62172586
0.51874566
0.41674843
0.5400614
-0.06403219
-0.0010445334
0.11768029
0.48313802
0.35827643
0.51891875
-0.05792715
-0.078476064
-0.18367697
0.34965184
0.68284595
0.74281585
0.5462803
0.41257086
0.08464775
0.25656226
0.31410086
0.50186235
0.65655375
0.7170626
0.6833613
0.21329959
0.1966779
0.58160776
0.5039284
-0.010265487
0.104041874
0.36456847
0.32442114
0.45623463
0.3758964
0.64691156
0.41154987
0.4836152
-0.00026207275
0.04808535
0.015522805
0.5564959
0.56108326
0.56582075
0.40038157
0.58865607
-0.0689448
0.45687866
0.64621365
0.643913
0.4067288
0.59312785
0.43344823
0.2416689
0.19716734
0.13760626
0.70711917
0.4802968
0.47359508
0.4798109
0.30189902
0.685645
0.032435518
0.39299244
0.60130805
0.6282062
0.18251392
0.052651327
0.816086
0.18289742
0.17593563
0.61462724
0.6476189
0.4920094
0.61643887
0.5358187
0.6445561
0.103118196
0.0679014
-0.27317947
0.43954584
0.4588973
0.43655682
0.69945866
0.31056198
0.6476415
0.43643057
0.40756544
0.07979768
0.4573829
0.6398247
0.4566346
0.12011454
-0.10747101
0.6388055
0.53351665
0.71663314
0.6134795
0.6543054
0.39933497
0.35613063
0.47418717
0.5166701
0.14531302
-0.052393198
0.4019777
0.6329645
0.49409312
0.39446563
0.52322906
0.6227493
0.5790672
0.4844458
0.30481988
0.37846163
0.345576
0.42121664
0.5059314
0.11031207
0.58013004
0.50301963
0.5666089
0.5001521
0.6315256
0.19559152
-0.08348413
0.53334343
0.51038617
0.34569225
0.51928896
0.5285767
0.1565713
-0.053911
0.48249003
0.42975566
0.55998445
0.49414754
0.04214745
0.12252996
0.2070609
-0.006326658
0.012933161
0.46013737
0.43020594
0.36335075
0.09569875
-0.040963758
0.61493933
0.35124537
0.17920329
0.089783825
0.6143023
-0.06689786
0.5859781
0.4675964
0.08566971
0.14537603
-0.017241655
0.22161375
0.32915285
-0.009177733
0.0024817407
0.55812013
0.69429284
-0.049336847
0.41701818
0.058158487
0.0040738964
-0.07546628
0.052608304
-0.15103815
0.1431425
0.35679713
0.5825951
0.7420257
-0.05617977
0.12688558
0.106089234
0.033648126
-0.1564102
0.6948305
0.41991293
0.5459007
0.05100853
0.75476825
0.17504478
0.0065805013
0.19846983
0.47167817
0.50629777
0.45605356
0.5183833
0.048814923
0.4032837
-0.0021033501
0.61627614
0.4152702
0.3488612
0.4177275
0.489488
0.3153968
0.38878906
0.054319285
0.006040981
0.52613056
0.64563394
0.61395967
0.00011681129
0.21468231
0.7088736
0.65659815
-0.07119291
-0.08921021
0.11067772
-0.22525434
0.45789948
0.40633816
0.26080552
0.45004275
0.5345727
0.24430859
0.49539256
0.40031776
-0.07605342
0.00024400724
-0.09317429
0.44666263
0.37721705
0.5867395
0.4963009
0.43497655
0.4745344
0.5913671
0.18228738
-0.0013852705
-0.15625887
0.39162895
0.46617195
0.31666282
0.064075574
0.44253293
0.12027285
-0.016719056
-0.005334795
0.36107764
0.48746985
0.5232552
0.52295464
0.44474897
0.46068805
0.6251332
0.58029824
0.25661704
0.21854465
0.42552447
0.61566323
0.3962787
0.40272337
0.086264335
-0.07742508
0.40813765
0.4729823
0.56733674
0.6046522
0.5314981
0.056984406
0.6054323
0.43416408
0.4558356
0.5476657
0.08570589
0.36705345
0.6853283
0.17165019
-0.17763227
0.5686866
0.31685588
0.45988905
0.67939436
0.4310497
0.6223801
0.6059248
0.04676552
0.16990659
0.52024245
-0.03395556
0.25809565
0.79323107
0.55503166
0.4435703
0.6493987
0.5595027
-0.019969722
0.40095168
0.14065793
-0.18149635
0.3888937
0.19936134
0.35004237
0.2834935
0.41369477
0.057271335
-0.105495125
-0.13848577
0.73839176
0.51812977
0.45004398
0.5303765
0.49935275
0.40736908
0.44486958
0.43119326
-0.031072104
-0.05876443
0.22341226
0.6361493
0.5664921
0.49496722
0.49939424
0.6144148
0.5173339
0.5302334
0.42785203
0.57909435
0.19191314
-0.1613856
0.29525054
0.4321097
0.50272083
0.49207786
0.59907055
0.1503576
0.008435176
0.4877246
0.24539414
0.5150698
0.3896087
0.50432473
0.102429286
0.568221
0.31411546
0.06235675
-0.081296235
0.55897105
0.5176324
0.37702164
0.48604554
0.70403916
-0.22622094
0.47988883
0.2143742
0.5330515
0.060285427
0.5882797
0.13895129
0.036339413
0.06649577
0.68369895
0.02360375
0.28302965
-0.10187773
-0.05872333
0.059609305
-0.13494363
0.43661812
0.38122466
0.61100054
-0.026233837
0.11698421
-0.10409346
-0.17342752
0.5681598
0.52634424
0.45776087
0.08007776
-0.10684216
-0.03296447
0.30731627
0.005784275
0.16822447
0.544705
0.018770155
0.57732254
0.42006108
0.22802615
0.044443276
0.0013831155
-0.26187918
0.26760387
-0.13448718
0.5337292
-0.047252886
-0.063667774
0.073689476
-0.03477972
-0.20340429
0.19117042
0.26208115
0.22519541
0.5951575
-0.04753999
0.006576435
-0.21852991
0.44030038
0.44321352
-0.15332285
0.03228431
0.17156631
0.30212423
0.19101842
-0.069282144
0.028034104
-0.10017162
0.26885217
0.692091
0.030344702
-0.20391501
0.4621328
0.27988067
0.46090022
0.007735181
0.46202657
-0.06479151
0.18180998
0.3377871
0.3123687
0.36195067
0.49149746
0.10218657
0.6093201
0.07449032
-0.08180281
-0.16173671
0.1867205
0.5125672
0.46936607
0.044868216
0.05164892
0.023255622
0.38516787
-0.10666015
0.09328678
-0.14524367
0.43207386
0.624146
0.45725703
0.541085
0.34807295
0.45301768
0.28025177
0.06556752
0.52807856
0.6410562
0.17024945
0.58628964
0.31701827
0.41436067
0.110247254
0.38881892
0.3458062
0.47875872
0.4829392
0.6507109
0.2860844
0.13004857
0.34218603
-0.09127289
0.52535146
0.57567734
0.53540254
0.49981487
0.29927495
0.5686426
0.47746423
0.31294146
0.59711987
0.3951753
0.39086914
0.39017376
0.24702327
0.3779417
0.31515363
0.4488467
0.106526226
0.33596763
0.33844963
0.70597494
-0.02335131
0.6459669
0.46633273
0.49539298
0.37719658
0.49477917
0.4067557
0.329092
0.49375552
0.5692903
0.6783159
0.1341989
-0.05424509
0.57455343
0.5301641
0.5940526
0.53502476
0.3478435
0.3626242
0.48475444
0.5203643
-0.08601339
0.12740229
0.43622434
0.32564503
0.5443548
0.55773056
0.54084176
0.025542047
0.5799071
0.5175671
0.37308568
0.46781367
0.5107844
0.46030656
0.16621128
0.115985714
0.12763566
-0.075170405
0.25227445
0.65923136
0.389609
0.5201296
0.32655793
0.51168174
0.3617538
0.49447173
0.18939783
0.50902516
0.014766323
0.30953857
0.09844596
0.49988988
0.29288015
0.60699713
0.576915
0.4302579
0.7447745
0.37585652
0.42492965
0.43513766
0.20067176
0.19349964
-0.037034668
0.3097439
0.333389
0.028584098
0.277396
0.4291947
0.5605847
0.41799527
0.30951542
0.06293069
0.32336217
0.39304486
-0.17323202
0.31355202
0.40132186
0.32044438
0.38166103
0.7728873
-0.08110519
-0.14429428
-0.01896819
-0.2752279
-0.3766724
0.3490703
0.5206693
0.3693665
0.5635909
0.35101208
0.28369218
0.54324806
0.54939604
0.37874946
0.42476857
0.07102595
-0.1505919
-0.084205486
0.022433408
0.5649004
0.41165724
0.45380956
0.04074849
0.18219936
0.13597234
0.36020792
0.06861241
0.46917793
-0.120915264
0.45808858
-0.08998195
-0.06950314
-0.017946828
0.3148066
0.4129202
0.020212544
0.36778495
0.02764915
0.15445785
0.49121457
0.5545868
0.47432324
0.11807918
0.48515925
0.04978664
0.032870397
0.48260102
0.22393209
0.4416697
0.16268395
0.34633243
-0.22381644
0.22253545
0.44138518
0.1425493
-0.05511948
-0.076108396
-0.1185133
0.38239935
0.42669758
0.059502915
0.30543172
-0.09559498
0.37353674
-0.0013946624
0.14274035
0.026003515
0.513516
0.64296883
0.07283222
0.16523272
0.5158096
-0.0040551107
0.52212334
0.4576853
-0.06470243
-0.030357474
0.54657304
0.21472795
-0.093236946
-0.0136022065
0.5366738
0.29642034
-0.017939009
0.5360048
0.5217839
0.17866285
0.11058291
0.5936033
0.2755789
0.11914436
-0.07929741
-0.20328961
-0.49240187
0.26044762
0.4646492
0.51483923
0.23293124
0.19565071
0.6941634
-0.11469244
0.4958995
0.094005756
-0.10400468
0.13472253
-0.049071334
0.3650758
0.45731673
0.3873223
0.37594828
0.3035435
0.07665612
0.24724436
0.8355608
0.058392633
0.65121007
0.46952018
0.5743113
0.342939
-0.037212864
0.49244985
0.5125129
0.39750853
0.17193349
-0.084832095
0.42114544
0.12562215
-0.10792352
0.05283836
-0.1477114
0.695008
0.59210855
0.575795
0.33770448
0.28635284
0.6590447
0.23074815
0.51411366
0.51687646
0.11660928
-0.022249278
0.374546
-0.10791203
-0.042348564
-0.10690929
-0.032428302
0.46941936
0.4927787
0.35379812
0.49834922
0.27436322
0.40220526
0.005167924
0.59886307
0.2208902
0.324476
0.5354588
0.5755006
0.17305061
0.066404566
0.11106277
-0.3291802
0.31126508
-0.03921435
0.37446225
0.5603881
-0.050903093
0.26275256
0.40720296
0.53127354
0.07132614
0.12798561
0.5348344
0.25768274
-0.032005675
0.20761324
-0.074799225
-0.39046028
0.095714085
0.7228209
0.29373592
0.40807542
-0.0021340773
-0.17016272
0.4856715
0.0882676
0.14544447
0.21898715
-0.012902682
0.30542237
-0.022306582
-0.120632485
-0.04709945
-0.18748628
0.42184702
0.17134029
0.21618223
0.4438328
-0.09119866
-0.16019073
0.054861575
0.22414945
0.3992081
0.38396215
0.045793686
-0.2173429
0.53689414
0.20780145
0.19949207
0.4651746
0.34245643
0.49609166
0.34141693
0.40650362
0.16967013
-0.18209349
-0.05077346
0.47294575
0.48649672
0.32333183
0.40567458
0.4878976
-0.05288039
0.25095314
-0.08494074
-0.15033405
0.23538513
0.36505973
0.6479704
0.23248194
-0.12147938
-0.13136373
0.3108468
0.3176752
0.32279965
0.46202475
0.56024325
0.041093364
0.37534913
0.4256862
0.5894985
-0.13458762
0.020438652
0.47235116
-0.08877756
0.5518507
0.22497733
0.11320018
0.30321345
-0.09415488
0.28804538
0.697936
0.49286553
-0.044537485
0.32562885
0.18495919
0.015734216
-0.04632781
-0.21507055
0.27953374
0.5270799
0.35256368
0.37022224
0.28173834
0.0335084
-0.122057475
-0.2174848
0.549068
0.51859444
0.28883064
-0.074410476
-0.058917318
-0.14621533
0.40144885
0.3599791
0.14541788
-0.13584363
0.4949586
0.0027918173
-0.075705364
-0.1514776
0.41747278
0.7150229
0.24896419
0.12114757
-0.12583415
0.39913946
0.39031008
0.23596494
0.13715406
-0.015672293
0.015304303
-0.1811609
0.04936879
0.55730855
0.40719664
-0.16881332
0.05942432
-0.07450363
0.29406422
0.12754565
0.13357055
0.021584418
0.35195956
-0.12667383
0.14252219
-0.21202788
0.39344472
-0.13429283
0.6681297
0.15332979
-0.3011424
0.40699437
0.09689306
-0.08746195
-0.07224099
-0.25114945
0.31453368
0.27720496
0.28109643
0.5106995
0.0595202
-0.050266795
0.22375585
0.3710554
0.62197286
0.5020551
0.017735606
-0.2148009
0.552315
0.10470209
-0.08053326
0.21777064
0.08052635
-0.12085911
-0.10633925
0.26995775
0.4447307
0.4747536
-0.04913655
-0.068377286
-0.07764565
0.15877944
0.380146
0.25004148
0.5259155
-0.1530944
0.045295738
0.3394467
0.3584821
0.54400724
0.4650949
0.099595234
-0.15716818
0.36205477
-0.09734065
0.66064626
0.36672652
0.47297478
0.42268977
0.4926153
0.20563199
-0.081133895
0.37572137
0.25855544
0.17735143
0.2170943
0.44450998
0.1782213
0.42632094
0.033964094
-0.09348305
0.28888455
0.25997004
0.04618493
0.2559039
0.3956535
0.30009404
0.23423909
-0.25855845
0.37692842
-0.016708184
0.32915226
0.7358885
-0.2239328
0.13116641
-0.0095782755
0.4157488
0.26252145
-0.14343135
0.04038761
-0.08388067
-0.25657967
0.47110105
0.5110619
0.43154833
0.5698586
0.0002809538
0.2744504
0.15703261
0.02158215
0.3544075
0.47734347
0.18532401
0.21336573
0.008240051
0.36752975
-0.060993135
0.56463194
0.19361912
-0.20694031
0.34117138
0.45760226
0.44798514
0.22254474
0.54289854
0.3344164
0.3067619
0.17006238
-0.17033333
-0.028055402
0.26972026
0.3493245
0.45351195
0.6366937
-0.013656133
0.054097027
0.22098936
0.21920595
0.64272946
0.39895502
0.3782689
0.30871436
-0.012976868
-0.029836012
-0.32674193
0.50660723
0.29499316
0.34989712
0.40135303
0.10243802
0.30388445
0.2913842
0.34284267
0.22297323
0.58555824
0.5229735
0.24370292
0.47796905
0.3019954
0.3442771
0.44880304
0.35228026
0.54921097
0.38035327
0.5068656
0.47429952
0.38678315
0.4468094
0.588488
0.34391707
0.4392758
0.6014694
0.23389535
0.4928056
0.33091524
0.32550436
0.6562612
0.35263625
0.3238849
0.043026783
0.12242974
0.0876326
0.69049585
-0.099936314
-0.19578005
-0.13458192
0.2806302
0.4826904
0.5075124
0.45412022
0.31819943
0.42991853
0.3635012
0.27588317
0.33010083
0.29921114
0.036798973
0.18211102
0.070333816
-0.053757112
-0.10108338
0.5408366
0.5503582
0.6959259
0.6183364
0.5123678
0.4771471
0.4860013
0.37729323
0.5776372
0.2663259
0.5623549
0.52263784
0.32607523
0.20412968
0.29829067
0.3771952
0.35665682
-0.11347594
0.29599276
0.028761681
0.17435768
-0.14474478
0.22585535
-0.07334712
0.43392977
0.072871424
-0.14305346
-0.19802704
0.13688421
0.3690466
0.37933177
0.32714593
0.370747
0.14221795
0.4239526
-0.18303402
0.5565546
0.32727885
0.10775978
0.50631833
0.48072574
0.035004195
-0.26950288
-0.12493601
0.53705156
0.09476094
0.33911672
0.5860239
0.41612178
0.21821102
-0.15599279
0.23279615
0.24688259
0.38962683
0.34190392
0.014936278
-0.068474084
-0.14868201
0.50911015
0.22508292
-0.09740042
0.06747571
0.505544
0.28101015
0.29729652
-0.05015219
0.018699303
0.110520884
-0.27189705
0.4074091
0.12937512
0.27454114
0.16992779
0.039809685
0.09903222
-0.13906682
0.022908354
0.31053758
0.2337466
0.541223
0.47220656
0.35658556
0.46685258
0.35858685
0.086775236
-0.17321424
0.731339
0.26916245
0.4930162
0.56540143
0.07582574
0.37656158
0.20569764
0.47574288
0.5604502
0.20850813
0.3447302
0.14409025
0.34172717
0.101120315
0.5240859
0.35050863
0.330819
0.29094258
-0.20262478
-0.024358325
0.28077275
0.29766658
0.23997751
0.17153473
0.19010918
0.08770564
-0.36680627
-0.088400595
-0.39835906
0.48438635
0.4682549
0.12064926
0.251662
0.33070847
0.41675147
0.54155684
-0.18905233
-0.0654712
0.23308267
0.4183183
0.034700066
-0.07209498
0.5752281
0.1544371
0.3057953
0.20337167
-0.26774687
0.45861354
0.022301318
0.56207573
0.27248242
0.540417
0.43631896
0.015722986
0.46437547
0.0033547499
0.5764824
0.46055093
0.13528463
0.29359815
0.33872938
0.36296302
0.43580452
0.032914907
0.08182934
-0.16901585
0.19729255
-0.07772382
0.44126454
0.3800845
-0.15003803
0.01996012
0.17986283
0.08185714
0.46263137
-0.072921105
0.21885598
-0.14929485
0.085279055
0.106867574
0.4764171
0.08944096
-0.07681165
0.41044775
0.22383332
0.31318682
-0.07500266
0.21021096
0.24773705
-0.15118411
-0.10193333
0.4257304
0.05894318
0.478766
0.07323049
0.16629042
-0.23830076
0.43842337
0.35229468
0.34088817
0.13531275
-0.0451497
0.4408544
-0.36657646
0.38206446
0.14463007
0.22188361
0.49082822
0.30498436
0.4412723
0.019995615
0.09744152
0.18143247
0.44041428
0.3571025
0.6349738
-0.09738942
0.46566644
0.21397646
0.18623242
0.011714866
-0.116606645
0.3308757
0.4494826
0.39637527
0.36631113
-0.031737894
0.5048115
0.26552418
-0.0030238316
0.15837881
0.2996208
-0.15467587
-0.25578034
-0.114680715
-0.44313335
0.34017202
0.18314286
0.29255867
0.51278067
-0.10438749
-0.4261219
-0.0050271153
-0.07445466
0.52003586
0.01713013
-0.12445314
0.38702548
0.35428137
0.45212537
-0.110031925
0.30204904
0.012688224
-0.05066531
0.29503754
0.18397593
0.008691214
0.42547423
0.02541264
0.091475934
-0.13691795
-0.020962657
0.029369755
-0.46527135
-0.050633088
-0.10246742
0.17640282
0.1078423
-0.18578038
-0.0927941
0.112823755
0.5185743
0.58877677
0.1481322
0.13385473
0.455816
0.14750968
0.4201217
0.30411583
0.22341856
-0.09484143
-0.1518215
0.48647732
0.0682018
0.6611683
0.3936276
0.3274504
0.056425583
0.101102434
0.22652468
0.25398892
-0.02625517
0.0061887726
0.17714114
0.2390512
0.10007022
0.38796055
0.059686955
0.2795402
0.7316507
0.18225908
0.23595871
0.28301835
0.31169358
-0.2647874
0.12174507
0.1208131
-0.1179081
0.18105552
-0.13203794
0.27410764
0.40274236
-0.028831378
0.5062887
-0.012479152
0.032634716
-0.17898227
-0.15447019
0.41799405
0.06044742
0.13887765
0.13752717
0.06339287
0.12453795
0.27790183
0.40221095
0.547523
0.5159685
0.21248813
0.537335
0.112906
0.5447029
0.14233573
0.4395955
0.49014544
0.28685114
0.3060148
0.06333355
-0.1724033
0.21132456
0.10758928
0.43129724
0.086517364
0.5528116
0.2868443
0.021268008
0.0959504
0.06560315
0.07266195
0.11608502
-0.0248011
0.5191779
0.10408316
0.6070351
0.49075675
0.4114187
0.10147029
0.28894475
0.3407025
-0.066453576
0.444511
0.20382519
0.36826497
0.70237
-0.14788838
0.0058367345
-0.30442286
0.49266332
0.11941226
0.4136939
0.117667794
0.5085464
0.28893942
0.13020535
-0.09592203
0.3831248
-0.14543906
0.25819638
0.42281717
-0.17273243
0.34733295
0.12437422
0.2289619
0.20752533
0.13435914
0.31814408
0.3016944
0.09046647
0.5154191
0.44369656
0.3222941
0.41064188
0.021700917
0.4630383
0.19072285
-0.28485435
0.04125487
0.42261505
0.16851066
-0.22714746
0.44821835
0.26754117
0.5794968
0.29846153
0.27607554
0.67856455
0.13429393
-0.078504995
0.20443872
0.36959815
0.4277864
0.24207936
0.017876342
-0.28868112
0.11173371
0.05890362
0.11394932
0.30259925
0.013644314
0.0169341
0.47567436
0.38846096
-0.14001681
0.01765142
-0.03680016
0.12210178
0.14978556
0.113225706
0.20270745
0.49064037
-0.22638294
0.028581694
-0.12580122
-0.028821237
0.28932205
0.4694673
-0.062479306
0.26294518
0.16088302
0.008689919
0.4825853
0.30467993
-0.0934153
0.11002998
0.21714622
-0.0005246828
0.07437475
0.24447809
0.3736081
-0.06542478
-0.05670883
0.02585256
-0.27116218
0.41343868
0.19892928
0.15253346
0.33193973
0.03888892
0.33997372
0.42051446
0.016706482
0.18938005
-0.015080943
-0.21382141
0.34361255
0.3575045
0.080787845
0.2937697
0.42678282
0.36947286
0.12858732
0.17331912
0.4494574
0.27261367
0.22462267
0.18918833
-0.3100931
0.43107754
0.58187973
0.2820791
0.04353973
0.0453727
0.24922173
-0.16336088
-0.067811824
-0.27487096
0.6341233
0.43106806
-0.26240653
0.364441
-0.06562148
-0.12280458
-0.001157571
-0.3305016
0.54059243
0.27950266
-0.07834335
-0.027654417
0.4817156
0.06739568
-0.30305302
-0.07621323
-0.020605016
-0.23615603
-0.20354241
0.011831819
0.16677134
0.4996167
0.16901964
-0.42658842
0.39028317
0.28872564
0.19893439
0.15162456
-0.032108944
0.3348214
0.18581116
0.20459372
-0.1920702
0.14933503
0.2944067
0.36367437
-0.1519581
0.16141309
0.13603923
0.3758636
0.14897352
0.24017142
0.3704117
0.099151745
0.22609448
0.7494259
0.2701816
0.19394594
0.39777592
0.2560531
0.295852
0.34415492
-0.16150008
0.13785233
0.21409121
0.3647736
0.45266762
0.3279472
0.090226285
0.07011989
-0.15221657
-0.06644235
-0.4475654
0.4133619
-0.054805882
0.1483497
0.10701448
0.42081687
0.47109506
0.32819653
0.13430716
0.30097795
-0.1022827
0.14426537
0.17681135
0.27087495
0.65156865
-0.033569574
0.26875043
0.47654712
0.21993074
0.2090351
0.4983925
0.32565305
0.105484195
0.44232452
0.354545
-0.0019303511
0.36326143
0.39844677
0.2320672
0.38425973
0.02658236
0.38409597
-0.09656789
0.3958974
0.33923104
0.04451293
0.46305484
-0.13018845
0.4763962
-0.20663011
0.5055702
0.025072828
0.2280346
-0.11601829
0.28221253
0.21129152
0.36520067
0.17141919
0.3605266
0.5074459
-0.19240776
-0.25580963
0.14891222
0.43309113
0.30045724
0.45174184
0.31774873
0.24747829
0.3605257
0.47123954
0.20939188
-0.038273215
-0.20113768
0.31599438
0.21290986
0.33214697
0.29867572
0.3256661
-0.18932766
-0.03623772
-0.13960952
-0.3352132
0.18799637
-0.063050546
0.33189312
0.16835634
0.51178235
0.34559256
-0.026806088
-0.18324403
-0.010996198
0.23036557
0.019920899
0.29844746
0.17667672
-0.26650152
0.060129
0.17497978
0.2537906
0.31993598
-0.017543118
0.031436298
0.42867237
-0.34852442
0.54663426
0.30710974
0.283245
-0.13326633
0.35921785
0.0069784876
0.23618262
-0.15590361
0.11668231
-0.043488357
0.52312934
0.46688852
0.1855038
-0.08787552
-0.29231983
-0.19401787
0.5088743
0.008664172
0.45704734
0.30354404
0.19902982
0.24083664
0.053587615
0.53271145
0.361443
0.22586016
-0.029542152
0.38693082
0.03673408
0.1106384
0.45572692
-0.025748521
0.50762874
-0.027559713
0.440282
-0.15683669
0.04562977
0.16570683
-0.15787512
0.22085348
0.34859136
0.1540725
0.057256516
0.015256259
-0.2991155
0.58538675
0.3941313
0.12349379
0.1174267
0.6378728
0.33420855
-0.29167512
-0.08224539
0.13531709
0.29390344
0.20658094
-0.10708222
0.054112673
0.30407342
0.46674603
0.61043686
0.12508214
0.15808254
-0.010989407
0.2355617
0.5106729
0.095506765
-0.022821572
-0.12145365
0.22595023
0.2589746
-0.09194678
-0.07426096
0.45047292
0.18028553
-0.07483392
0.37711322
0.34172663
0.28492197
0.355412
0.42645514
0.33559567
0.42068788
0.22294933
0.045604985
0.11852261
0.19461702
0.11948709
0.09745457
-0.21756
0.11669252
0.32726336
0.34543803
0.38076594
0.37838262
0.15078638
0.032061324
0.46310142
0.2262747
0.3545903
-0.13429926
0.3047806
0.35463515
0.21826783
0.07858372
0.486813
0.51412344
0.26390195
0.29666284
0.09644528
-0.06426119
0.3003226
0.42445943
0.28485814
0.38703045
0.3364314
0.15161397
0.07761633
0.44780388
0.21821839
0.26203054
0.32151935
0.05865865
0.26572585
0.009736536
0.035600506
0.06646106
0.17793037
-0.16662325
0.1379786
0.24575436
0.31992456
0.009510875
0.2683579
-0.5423667
0.21867909
0.35671237
-0.011096767
-0.38701245
0.4486734
0.22174308
0.3349962
-0.05763811
0.25656247
0.44160983
0.05807015
-0.07929358
0.17383043
-0.19852963
0.2672458
0.013163431
0.31685048
0.25050956
0.31496397
0.21757199
-0.32803556
0.3779305
0.2785445
0.13394617
0.6001711
-0.10204459
-0.12425241
0.22630394
0.28079107
0.090098105
-0.23104355
0.09155177
-0.088415705
0.14584933
0.2686374
0.2221562
-0.09853596
0.40628576
0.05878777
0.40220174
-0.14397888
0.22875887
0.0714558
0.2468968
0.3097434
0.43308032
0.13621385
0.18334302
-0.100473106
0.31826988
-0.02613403
-0.22041881
-0.14711027
0.38797286
0.26176888
0.4332484
0.26403797
-0.18689331
0.43009782
0.2575024
0.32946947
0.53674495
0.3609371
-0.057613313
0.26762158
-0.18265435
0.4177507
0.54390156
0.21376505
-0.049688075
0.24458835
-0.13834934
0.35869306
0.36418477
0.09580016
0.320017
-0.20867999
0.26461202
0.2818218
0.23069274
0.14628306
0.07097293
0.41088068
0.03757428
0.2098035
0.0941034
0.4567327
0.21747671
0.23375228
-0.28179908
0.5667093
-0.2745411
0.010722611
-0.21460608
-0.17349024
0.2994151
-0.03179765
-0.10217056
0.06823889
0.2712414
0.25716686
0.6649373
0.1966457
0.17576982
0.14373907
0.2586093
-0.06828549
0.230873
0.16432133
0.02085221
-0.08757274
-0.0574192
0.3447951
0.27088037
0.39280373
0.48688948
-0.13144481
0.051580306
0.45001483
-0.07521591
-0.118680514
0.47124192
-0.040750045
0.39854655
-0.036219608
-0.10017028
0.38949072
0.24006861
0.37405398
0.3058493
0.24008149
0.44473708
0.36839256
0.19769007
0.2963457
0.16648796
-0.028003346
0.3995573
0.23212795
0.2972374
0.04431387
0.19639553
0.14844126
-0.061622176
-0.056352776
0.086232185
0.31237546
0.110407494
0.31565207
0.31710893
0.22565165
-0.0010461112
0.26503935
-0.068043284
0.5082174
0.19879428
-0.07821378
0.24371475
0.15633345
0.37605956
0.21823055
-0.031943247
-0.26523936
0.25533855
0.4267331
0.183531
-0.07058307
-0.0076471246
-0.058186065
0.5272297
0.21963559
0.23213997
0.13292448
0.119400375
0.3239323
0.005654593
-0.32276547
-0.17949854
0.26951486
0.19802192
0.12713206
0.43494594
0.1497597
0.30186388
-0.023117919
0.22689512
-0.03325637
-0.025667218
-0.027842803
0.26329738
0.4275813
0.31886628
-0.014601122
0.53478754
-0.12795094
0.3272057
-0.05423867
0.19220875
0.62639904
0.14010279
0.32002354
0.36161125
0.32662278
0.17251045
-0.079581015
0.42918432
0.46341488
0.33609203
0.30989102
0.24022503
0.29978353
0.023910278
0.29093716
0.058249086
0.17577238
0.08409741
-0.27996778
0.33633122
0.2138782
0.25903
0.2000885
0.3318123
0.19496097
0.20026742
0.19282688
0.35175177
0.6676397
0.4109913
0.5797559
0.24704507
0.18987486
-0.022921426
-0.08294727
0.38933957
0.2902948
-0.05498012
0.40418184
0.35202932
-0.06305273
0.6099339
0.046551716
0.29961658
0.03162768
0.32082158
0.46819684
0.27007905
0.36197594
0.016934957
-0.30441636
-0.1376701
0.2003186
0.048032198
-0.023346923
0.20323896
0.029098464
-0.17522223
-0.2193953
-0.546436
0.07972478
0.1250007
-0.3575451
0.13886905
-0.013830345
-0.3118994
0.18834123
0.24340126
0.102126196
-0.15378456
0.080079705
0.14232628
-0.19791253
0.3772609
0.28741175
0.32945114
0.52149487
-0.27541038
-0.29554874
0.034225266
0.042962424
0.27801865
0.1839684
0.4847055
0.17752227
-0.056869347
0.46898785
0.6111064
-0.25018468
-0.31588078
-0.09167921
0.17818108
0.22177008
0.5114201
-0.05557361
0.048407525
-0.35228938
0.46310127
0.23334675
0.2753277
0.057328604
-0.10754557
0.29998106
-0.13315007
0.17771345
-0.2042275
0.40108955
0.30981123
-0.061635777
0.33273065
0.22931428
-0.16867465
0.061212923
0.4369992
0.31364724
0.17690504
-0.029333338
0.2640037
-0.006756831
0.26367265
-0.0043300204
0.31895325
-0.13038607
0.3704608
0.026141495
0.1607721
-0.09665902
0.17354427
0.045399357
0.24766023
0.21521255
0.35717252
0.070433035
0.20605192
0.06202059
0.22062102
0.070919245
0.37499294
-0.10821666
0.28302482
-0.13265787
0.085549355
0.1411545
0.15150593
0.4211312
-0.028061278
0.027057571
0.39086196
0.16847274
0.17152733
-0.024199726
-0.00547726
-0.05156438
0.24468859
-0.08565819
0.24208896
0.21586567
0.21938024
-0.2948894
-0.4384674
-0.08411709
0.39980516
0.12210854
0.277607
-0.20331834
0.32327697
0.28851208
0.6136911
-0.04704294
0.19850625
0.21350017
-0.01940363
0.07082605
0.44943377
-0.30154264
-0.08323543
-0.3745076
0.09393819
0.016348703
0.0057098777
0.057396796
-0.14360128
-0.03122904
-0.11524965
0.35776755
0.16897826
0.14246345
-0.21191476
-0.10371333
0.26596537
-0.13941152
0.077041574
0.25600144
0.17292099
0.07640006
0.13700508
0.15866515
0.124008305
0.20300171
0.08785913
-0.30974108
-0.22768475
0.031691637
-0.06994714
-0.32009238
0.25246358
0.10279939
0.50499785
-0.05646171
0.5355284
-0.41483754
0.15175967
0.23582819
-0.059169866
0.28993666
0.24892299
-0.49190438
0.38492745
0.38335267
-0.48162165
-0.37920025
0.10550842
0.4257454
-0.16387153
-0.07007042
0.3212127
0.15561683
0.2486623
-0.093203284
0.48538923
0.04481662
0.03149033
0.10611919
0.21616
-0.42121115
0.18336353
0.070207655
-0.045419235
-0.30026245
0.080678955
0.13837591
0.18240622
0.21885642
-0.3533598
0.2055831
0.2370705
0.18006377
-0.26774988
-0.15503146
-0.02666817
-0.31885585
-0.2187189
0.40816754
-0.6049462
0.09520366
0.20911032
0.06898452
0.41289628
-0.06451486
-0.15984844
-0.36800545
-0.08423464
0.37981164
0.27092
0.13615534
0.06500302
-0.23973653
0.237016
0.071661435
-0.38030398
0.13961439
0.5266319
-0.061903697
-0.001466269
0.37822947
0.4314003
0.11824249
-0.08025475
0.5206451
0.028265031
0.024782052
0.29864103
0.38765427
0.40410402
-0.10202309
-0.32064092
0.12340708
-0.17799006
-0.47454894
0.2327668
-0.106811
0.054901384
0.5772319
0.36124697
-0.049031325
0.084472105
0.28735557
-0.07214089
0.32467684
-0.11432342
-0.046704505
0.16732883
-0.26496014
0.2505251
0.15449971
0.14245561
0.26782244
0.24571544
0.21377301
0.31344417
0.30969426
-0.011184807
-0.0871603
0.42533517
0.39655724
-0.10078365
-0.38211173
-0.07286515
0.20492618
0.15255982
0.14239839
0.5317954
0.045291685
0.34717456
0.22306454
-0.0157048
0.27137735
0.4421304
0.29231933
0.47397453
0.55544156
13.434182
0.24949047
-0.2760372
0.06933446
0.5160257
0.1462712
0.04466252
0.10243053
0.18871917
0.30493167
0.39719856
0.40344208
0.3826467
0.2244789
0.2843435
0.27293694
0.13809021
0.22188711
0.4026677
0.0458105
-0.01652062
0.43404862
0.27157897
0.4097581
-0.3320215
0.12821683
0.12269509
0.4686434
0.37172067
0.28450382
0.3573165
0.42071208
0.3382929
0.46675518
-0.034497164
0.3657627
0.32065067
0.28259644
-0.025725877
0.26311243
-0.084595434
0.30534366
0.07821234
0.61251575
-0.39422628
-0.007455172
-0.2999663
0.17265312
0.22910403
-0.15927611
0.4347659
0.15402819
-0.16510907
-0.26490843
-0.5463522
0.30335113
0.1734285
-0.1783658
0.18532911
0.5848569
0.011782587
0.16780451
0.4409487
0.24612977
0.35167128
0.23037829
0.16974825
-0.029885516
-0.34440055
0.31530097
0.12382891
0.33518544
0.034807995
-0.04068474
0.45931116
0.31870365
0.3230401
0.17736231
0.04142454
0.08996471
0.21497525
0.21827212
0.2523088
0.53099597
0.4138625
0.32118818
0.052983034
0.27695704
0.43010986
0.12100672
0.47256073
-0.039647456
-0.021915242
-0.42661986
0.23068626
-0.07151821
0.015928542
-0.10736806
0.44366273
-0.30369714
-0.13046484
0.30938515
-0.2707255
0.23041691
0.3883708
-0.098204836
0.16949238
0.022928655
-0.004904565
0.27317548
-0.3771449
0.22988349
-0.0983214
0.11723526
-0.2570851
0.24296017
0.19547202
-0.16758482
-0.14960606
0.13270028
0.28399298
0.3282817
0.116865695
0.13115297
-0.038674086
-0.13334768
-0.053048514
0.25815547
0.28650784
0.3243598
0.3324365
0.26454642
-0.35262138
0.41469774
0.601765
-0.13651405
0.38184276
-0.09513131
-0.28777614
0.26452893
0.06527849
0.08681428
0.332202
0.4060809
-0.26870427
-0.33962876
-0.071811356
0.28627902
0.074407846
-0.38658667
-0.003643857
0.22480899
-0.2634819
0.27982152
0.1948756
-0.0033714264
-0.041533783
0.036441684
0.200741
0.26384646
-0.0018061696
0.075878665
-0.12172252
0.3127309
-0.14287859
-0.0038175802
0.38520917
-0.045005362
-0.41479263
0.17421831
0.24455358
0.09002837
-0.586556
0.30401564
0.29086077
0.090232335
-0.18640894
-0.0957816
0.20323204
0.29126513
-0.18184318
0.012689616
-0.42230904
0.068548195
0.5037692
-0.11720099
0.32377836
0.25111005
-0.14558628
0.1847717
-0.12659098
0.21448453
0.11721672
-0.003513256
0.34070063
-0.18935435
0.021410704
-0.2091879
0.057033908
0.29344594
-0.39281073
0.028133152
-0.08533971
0.527615
-0.040766273
0.018160582
0.049372
0.16387562
-0.05585978
0.12349084
-0.13706194
0.2905325
0.057059973
0.23308155
0.08484403
-0.16006362
-0.021853939
0.017576471
0.2264453
-0.06370903
0.3551042
-0.1274809
0.19144037
0.2652985
0.008461891
0.20707096
-0.33743417
-0.17058027
0.23190996
-0.067093916
0.11971928
0.014517042
-0.18079062
-0.017748494
-0.05409137
-0.40488553
-0.1550204
-0.17005825
0.35529807
0.027757643
-0.18075904
0.117031954
0.1485244
0.41979903
-0.17051362
0.27090663
0.24651952
-0.08502223
-0.19730371
0.27955034
0.0140354335
0.04612241
0.16198999
-0.46195534
0.2891402
0.33020803
0.17090459
0.25165713
0.15218955
0.07613017
0.29435638
0.18582614
0.1944878
0.010115861
-0.046562966
0.48625496
-0.2057519
0.19436441
-0.12273717
0.20304686
0.035074193
-0.10491771
0.08857975
0.13031648
0.48321742
0.3770606
0.023074383
0.16403446
-0.0008242795
-0.17735848
-0.011921632
0.31883293
-0.16585125
0.20989786
0.45243612
0.22138818
0.08936141
-0.1135199
0.22198752
0.3235251
0.09577794
0.11852625
0.2424763
0.044866096
0.072906494
0.3904421
0.12000433
0.036754917
0.09981234
0.17124139
-0.044308312
0.27861425
-0.0471118
0.5001731
0.10572811
0.038051464
0.40922135
0.043788645
0.055362932
0.23230958
-0.18122786
-0.014677294
0.13573748
0.6402557
0.29616815
0.27593616
0.008290698
0.22620574
0.5017435
-0.16740717
0.41605672
0.087053195
0.1194947
-0.0149359
-0.09045221
0.5184009
0.13914007
-0.22132957
0.22424997
0.050312664
0.23381676
0.34613347
0.038624004
-0.22109173
0.14709613
0.23914403
0.43260762
-0.03136471
0.08822856
-0.21830338
-0.20144711
0.2785393
0.18850477
0.12017614
0.07390929
0.24897538
0.5425038
0.053606927
0.45479935
0.049312122
0.16930832
0.52456903
-0.1606811
-0.08908277
-0.04239765
-0.18285802
-0.13409097
-0.051957123
-0.08547992
-0.33206904
-0.01993586
0.4588893
-0.07283963
0.42412612
0.19643924
0.14366035
-0.112700455
0.026088638
-0.39654523
-0.080636375
-0.25445718
0.22865443
-0.1055501
-0.17183846
0.45884615
0.17468268
-0.10491236
0.1767779
0.26653278
0.25411725
0.062090084
-0.20306186
0.32052347
0.52641594
0.37038726
0.3415533
0.23599613
0.060762648
0.2506344
0.05189486
-0.1658712
-0.009822026
-0.33222002
0.01810045
0.14192079
0.2000092
-0.12508109
-0.05476361
0.39951435
0.038294397
0.1875529
0.33967942
-0.0021381206
-0.37784028
0.26721016
0.120327055
0.3511594
-0.11120337
-0.452327
-0.0734934
0.21740037
0.14739987
0.084939614
0.4171865
0.05560684
0.48047686
-0.5302512
0.3685676
-0.06374743
0.48441923
0.0872616
-0.058667872
0.70501715
0.30604216
0.25618124
0.635851
0.4251104
0.26490638
-0.1131178
-0.16731565
-0.046296157
0.19694513
-0.0030674587
0.3855025
-0.074135445
-0.087791026
-0.16999608
0.40636665
0.2467802
-0.041464232
-0.06072972
-0.16852911
0.33079225
0.15017688
0.36168662
-0.0018871357
0.01484463
-0.2343261
0.55589277
0.36296716
0.44839594
-0.51551634
0.26879144
0.12611035
-0.42829162
0.4635022
0.0028403755
0.3305809
-0.00047524803
0.22375101
0.08821227
-0.11817029
-0.5731883
0.011490935
0.09257402
-0.30937323
0.07859245
0.18831079
0.1898227
0.2680158
-0.48407233
0.107847005
0.35555455
0.6492193
0.08152606
0.018387252
0.47598135
0.31205177
0.10547451
0.4707544
0.1815602
0.32351443
0.54078114
0.30899897
0.35858178
0.33956826
0.13850537
0.366491
0.20700763
0.06714633
0.017812433
-0.122650556
0.08044147
0.2603081
0.42515627
-0.008431647
0.15357491
0.48553193
0.369631
0.5307553
0.09792291
0.042955976
0.24381162
0.2310091
0.10057535
0.0076734913
-0.08762389
0.12025217
0.11809734
0.3846604
0.22361766
0.4978169
0.6968166
-0.036965918
-0.4189677
0.0019143416
0.063331276
-0.021439634
0.4701094
0.22172776
0.18011342
0.2500154
-0.18500811
-0.3982153
-0.003297118
0.02408586
-0.04338229
0.31861
-0.09466274
0.45929036
0.049060494
-0.12323224
-0.33938807
0.3847549
-0.030834766
0.28614205
0.06294051
0.21756415
-0.033323392
0.22282979
-0.03402455
-0.37577927
-0.07635362
0.109518945
-0.22438064
0.14645112
0.20271793
-0.12200947
0.10894098
-0.18481684
0.28084606
-0.13704503
-0.45317164
0.20920275
0.6286624
-0.015995076
0.033376016
0.54012823
0.05078928
0.1389625
0.3403628
0.32792684
-0.08458235
-0.06912503
-0.14293224
-0.22333357
0.2385642
0.1610066
0.37022507
0.26016816
-0.21179986
0.25062558
0.25366268
-0.1325655
-0.3808951
0.33462334
0.34125796
-0.23679397
0.011327044
-0.07352025
0.23610839
0.049550783
0.022648692
-0.21479668
0.091314405
0.4562223
-0.2654552
0.18932499
0.4379436
0.25696382
-0.04126536
0.63613117
0.2806358
0.1250671
-0.15161923
-0.12521668
-0.11200252
-0.0054536606
0.29535875
-0.010790735
0.043336302
0.10724913
0.08921729
-0.00982688
0.14559948
-0.21128368
-0.00905895
0.013139151
0.22000472
0.3340107
0.071378104
0.18830886
-0.11373841
-0.042769853
0.30686933
0.09312769
-0.0117355175
-0.047881577
-0.23345533
0.25538644
-0.14444129
-0.16649088
-0.039756842
0.19898635
0.37177104
0.13396353
0.2924531
0.27872103
-0.055011515
0.22909854
0.12379695
-0.25955528
0.18484566
0.41864222
-0.1404965
0.14604826
-0.102144085
-0.25777566
0.34631246
0.3759026
-0.1167783
-0.45810682
-0.18870221
-0.26961774
0.0021635278
0.2981682
-0.5031638
0.12576
0.29922324
-0.07488501
-0.26635563
0.2586028
0.6726953
0.28296173
-0.24823567
0.10242718
0.41197076
0.09420639
0.6284626
-0.07690663
0.23916441
-0.37228245
-0.17860804
0.20065214
0.18831456
0.44084376
-0.3825539
0.29288474
0.31523278
0.015916655
-0.5015068
-0.0072792196
0.04160177
0.07968705
0.02942401
-0.118476994
0.09740403
0.07469145
0.3251468
0.08695562
0.0029448853
-0.2617519
0.34470406
-0.11757741
0.08774941
0.27405345
0.17120115
-0.13374864
-0.15881534
-0.3974924
0.10029554
-0.046403006
-0.0042282776
-0.25633657
-0.061671477
0.3637791
0.38050064
0.15871339
0.24374668
-0.1999681
0.10824536
0.4172534
-0.33097675
0.28720364
-0.17792225
0.21585304
-0.34584126
0.11506912
-0.007853338
0.29572895
-0.009823306
-0.37137532
0.48949903
0.48022333
0.42633146
-0.3949971
0.3016561
-0.39318493
0.113143355
-0.29514518
0.5048301
0.14642034
-0.1311859
0.39125237
0.23552717
-0.10596003
0.20933695
0.014628819
0.38779494
-0.20068778
0.079557024
-0.033274908
-0.29839578
-0.032792132
0.2414077
-0.4396136
0.3187572
-0.18385847
0.05733908
0.18059541
0.16645327
0.14931628
-0.14583102
0.09836504
-0.005268238
-0.17658986
0.5883333
-0.08553816
0.031283345
-0.03600356
-0.22028357
0.07451254
0.2853481
0.19146146
0.11690341
0.46276844
-0.5229751
0.4521347
-0.11410731
0.52739584
0.038934432
-0.006869123
-0.030914284
0.2328325
-0.023985093
0.23864698
0.17114449
0.1016334
-0.10760324
0.06662319
0.1192649
-0.128829
0.21205424
0.0025666624
0.049790423
-0.69134283
-0.021926006
-0.0041586375
0.20037699
-0.03040968
-0.63725215
0.07110523
-0.4949703
-0.155844
0.27190882
0.09621653
0.12174033
0.35761395
0.34151858
-0.09719733
-0.004482281
0.5069027
-0.20015627
-0.12667504
0.057813488
0.15043886
-0.06319678
-0.018610356
-0.15134408
0.21321692
-0.17394878
0.48488325
-0.084830806
0.10546181
0.042168442
0.2051155
-0.0008876393
-0.24755481
0.021652393
0.0781645
0.40152305
-0.14623466
-0.079344094
-0.08961272
0.22855407
-0.14431751
-0.17592473
-0.109937474
0.14160208
-0.18618894
0.16859946
0.46098208
0.020415833
-0.22993308
-0.16582373
-0.11425089
0.12541422
-0.32913595
0.28507167
0.16770689
-0.20261295
0.04423397
0.4595964
0.45390317
0.04550715
-0.06337294
-0.4152529
0.24478655
0.3772227
0.20757425
0.31888258
0.4397069
-0.09189731
0.41450837
-0.12036884
-0.23208128
0.15362203
-0.020101614
0.015625168
0.48854563
0.23551412
-0.3148162
0.23124142
0.08286646
-0.050146926
-0.16845974
0.08636055
-0.5122155
-0.3403505
0.09238314
-0.1317718
-0.453075
0.062043868
0.059434447
-0.11930666
-0.3472845
-0.09054922
-0.57509583
-0.010613837
-0.15155421
-0.4295594
0.6030919
-0.009746555
-0.3173963
0.07803966
0.30074814
0.069943026
0.0966463
0.036156196
-0.23160243
-0.429262
-0.07006365
-0.33169577
-0.476557
-0.043546252
-0.046482623
-0.44256294
-0.088357374
0.06661446
-0.30070624
-0.11288972
-0.032057464
-0.09224848
0.07275881
0.5120737
-0.24405773
-0.022176012
0.18605676
-0.10849567
-0.21068805
0.4577211
0.20028777
0.11420376
-0.047801014
0.062194478
0.32661486
0.0071450537
-0.046025157
0.07607726
-0.1307603
0.24378487
0.5361893
-0.22424734
0.18627518
-0.27507767
0.22411509
-0.14018612
-0.13228644
-0.23598535
-0.046382062
-0.17563598
-0.42397195
-0.28497517
0.2957622
0.13679735
0.119723916
-0.57639784
0.31946763
-0.11215289
0.39877695
-0.028595269
0.09020554
0.08861267
0.091339216
-0.19160531
-0.12564962
0.5108394
0.1425273
0.23046191
0.3907692
0.38427243
-0.4260326
0.119722426
-0.12104086
-0.17420949
0.39232
0.1603632
0.035464764
0.25207436
0.1527287
0.2254922
-0.1929676
-0.091128536
0.29371664
0.3968462
-0.10012297
0.10835485
0.09324316
-0.028740913
0.1592539
0.18061973
-0.06933647
-0.2426976
0.36343884
0.3294307
0.14996535
0.22798747
0.1093158
-0.6006037
-0.08625425
0.06310049
-0.29444915
0.08257061
0.035913754
-0.108111754
-0.39208686
0.30000505
0.1753378
-0.35028216
0.14634131
0.09605842
0.14046517
0.40392846
-0.23386121
-0.0355881
-0.13159531
-0.27325618
0.18240876
-0.10662024
-0.3851265
-0.15823007
-0.23711598
-0.76402384
0.26286808
-0.2806947
0.40928584
0.25584203
-0.19114226
0.06516188
0.35327515
0.3041021
0.019543178
-0.7831727
-0.14108752
-0.089253366
0.23017927
0.09405405
0.13598159
0.4229665
-0.18192
-0.057038132
-0.18806352
-0.14493588
-0.15907286
0.19040008
0.28763396
-0.046226926
-0.39944223
0.29922083
-0.20625989
-0.2091588
0.23203735
-0.7516358
-0.09988514
-0.16230838
-0.4304942
-0.12144609
-0.44785973
-0.09367952
-0.27107254
-0.12342658
0.08776041
-0.052668683
-0.04237522
-0.25430334
0.17211974
-0.4879253
0.0076130764
0.15586297
0.23561099
0.07824815
0.15948172
-0.26375404
-0.44489396
-0.13966985
0.18934426
-0.12663539
0.0033985332
-0.30447885
0.37452087
-0.122128315
0.19112617
-0.092671655
-0.08802865
-0.0253527
-0.05058906
0.071569055
-0.6322653
-0.10357596
0.03208037
-0.2960059
0.16766736
-0.18646856
0.3717944
-0.5195404
0.019582255
-0.4242243
-0.23831698
-0.07488766
-0.41036767
0.22462247
-0.16896126
0.28813642
-0.1390115
-0.18906188
-0.054221626
0.10382078
0.1888851
0.12283222
0.1124435
0.056121215
0.080674134
0.023209747
0.095437855
-0.2570216
-0.04470133
-0.23727326
0.02518518
0.33626366
-0.026945246
0.3513064
0.05467695
-0.059275776
0.06290926
0.3690263
-0.38034713
-0.6214324
0.44884178
0.047637705
-0.007886065
0.07755344
-0.37320787
-0.0050763446
0.4265314
0.03640919
0.20686379
0.14354667
0.14784314
-0.3170764
0.0008233344
-0.20711696
-0.19720972
0.13083918
0.18659289
-0.05312726
-0.26995617
-0.12433408
0.31043893
0.24807426
-0.25968447
-0.6767074
-0.14074242
0.07328933
-0.122790866
0.19707036
-0.06937584
0.29515055
-0.44076985
0.31505215
0.12179014
-0.33579713
0.31445363
0.028327996
0.44408092
-0.3083485
0.15462899
-0.026235033
0.22938481
-0.017162833
0.09894451
0.24197379
-0.076668896
0.08947591
-0.20976338
-0.21800673
-0.15181005
-0.38994595
0.060564224
-0.092645556
0.52408844
0.29323342
-0.30206698
-0.3113523
0.27093652
0.13568725
-0.12907407
0.17865585
-0.06024375
0.2580089
-0.07992205
-0.57752645
0.15672798
-0.10439603
-0.16798836
-0.0871075
-0.12021634
-0.18805943
0.24346913
0.17777075
-0.016969861
-0.059968453
-0.5949476
0.0032931166
-0.0015026173
0.02048606
0.42117855
-0.12800808
0.20467329
0.050863836
0.24659757
-0.13026614
-0.03283094
0.25181895
-0.043796293
0.1106672
0.16173679
-0.38294345
0.038676016
0.03510162
0.058313064
-0.07245314
0.2001505
0.25929615
-0.7233521
0.39151758
-0.24475564
-0.2070099
-0.124921374
-0.06791946
-0.05503743
-0.28933573
-0.29090527
0.2233446
-0.14548895
-0.05200411
-0.10518536
0.2756671
-0.07165235
-0.663363
0.30574405
0.23226811
0.09719187
-0.094756745
0.23236984
-0.15545979
0.4083493
-0.073681585
-0.2803389
0.1532904
0.08129957
0.13741885
-0.036670405
0.2753511
0.40613383
0.32700124
-0.05235426
-0.29312268
-0.03201887
0.26338148
-0.23105475
0.4202599
-0.025243962
-0.1289537
-0.0041098427
0.13048789
-0.14472622
-0.07216819
0.6675677
0.2211281
0.3895313
0.18744202
0.2521394
-0.09966543
-0.15289524
0.09194885
0.08180265
0.33807215
-0.024289697
-0.26091346
-0.46363893
-0.077409334
-0.1368107
0.034835458
0.17877492
-0.10982275
-0.10581204
-0.82309717
0.31762844
-0.28734797
-0.21207412
0.15572555
-0.047621064
0.26255333
-0.1615108
0.2234741
0.085213386
0.12803136
0.08395026
0.21018969
-0.0049825967
0.51483345
0.33437058
-0.23159942
0.2732159
-0.64404565
0.17019656
0.5735451
-0.15497442
0.00021161852
0.16978797
0.043829765
-0.013796491
-0.012992265
0.42030883
0.4734739
0.27855918
0.008778819
-0.0051667844
-0.015690606
0.40015242
0.40807807
0.007914251
0.21570086
0.25173512
-0.055770263
0.2384572
-0.42376688
-0.2212519
-0.30195826
0.14474298
-0.0556689
0.6095805
-0.064398795
0.09789293
-0.016613407
-0.41258296
0.030295365
0.13980475
-0.42449674
0.17782708
0.079109214
0.05132493
0.19777459
-0.6482724
0.052503012
0.01384104
-0.15327615
4.999883e-05
-0.18330815
0.13325493
0.018873086
-0.1597836
-0.32015255
-0.07861502
-0.13165429
-0.02072985
0.051647738
0.4389523
-0.08219277
0.4057196
-0.52363884
0.18186139
-0.018476283
-0.20053504
0.061608985
0.23152705
-0.5111585
-0.041297987
-0.08072049
0.14102663
0.02642146
0.24144982
-0.049584884
0.097629115
-0.5234615
-0.27293244
-0.35617355
-0.45797825
0.4489647
0.12630084
0.06634964
0.051475722
0.39964622
0.071098104
-0.39142066
0.107660465
-0.24033402
-0.4707506
-0.15681282
0.40915468
-0.036292054
0.017414363
-0.29591912
-0.1705386
-0.40804172
-0.16138564
0.056668635
0.020256272
-0.5462216
-0.23747917
0.18462853
0.18052354
-0.19956546
-0.4610198
0.12276462
0.109017976
-0.31294075
0.24969263
-0.029804256
0.46161547
0.022789588
0.39454374
0.09158406
-0.31594694
-0.0028039587
0.048006773
0.20398702
0.30527547
0.11172331
0.06365799
-0.035212044
-0.20367691
-0.4129399
-0.3135077
-0.1490681
0.14612131
-0.39075422
-0.1401491
-0.110615395
-0.27765685
0.013368452
-0.12667088
0.3950659
0.26976043
0.020273764
-0.019580243
-0.05175054
0.045316666
0.39253578
-0.037915133
-0.04770364
0.055586535
-0.29382932
-0.40978473
0.3090159
0.021364972
-0.19565943
0.27016506
-0.108674675
0.20958322
10.342296
0.18050446
-0.52736425
0.12576377
0.029782163
0.077386424
0.02814797
0.3128562
0.102331914
0.28529286
0.1122356
-0.06800235
0.38007873
0.37130904
0.013872373
0.16250372
0.14601319
0.21238418
0.3178708
-0.0067287143
-0.24839905
-0.07856083
0.0949384
0.28525954
0.38210607
-0.12076566
0.21732102
-0.05738648
0.19597055
-0.20968205
-0.029621365
0.17170957
0.26408872
-0.08560731
-0.3368384
0.35381532
-0.2394833
0.0086853
0.11393944
0.27445105
0.0064568
0.29566616
-0.31142855
-0.35906965
0.29155782
-0.11558412
-0.44635892
0.1602952
0.0810328
0.17908368
0.47617206
-0.6382497
-0.06465885
0.049932476
0.057199497
-0.09421205
-0.044122286
0.07182652
0.08821469
-0.25270292
0.0596556
-0.26519904
0.14439431
-0.11323631
-0.7359309
0.3708104
-0.17183013
-0.10987901
-0.11378288
0.21327034
0.12317552
0.5122519
0.14494511
0.32535923
0.11662527
-0.24698727
-0.2173714
0.18605457
-0.6171073
0.027019475
0.14388473
-0.0640601
-0.2987474
0.26081547
-0.10831378
0.580298
-0.035621878
0.045216925
0.11969552
-0.124551125
0.37767366
0.012591412
-0.010843847
0.2640122
-0.15777685
0.14186893
-0.48865548
-0.2202506
0.39633524
0.14056355
0.101717055
0.15300547
0.28116265
-0.51331747
0.0003059837
0.27954668
0.08845877
0.16489975
0.35301632
0.088097066
0.4331098
-0.3232715
-0.4651853
-0.34105295
-0.13358323
-0.18289603
0.26164472
0.6945855
0.07765062
0.19441809
0.024234502
0.24901475
0.5616474
0.011705983
-0.21649706
0.17329134
0.033421587
-0.1586643
0.39764932
-0.0429594
0.33030307
0.24647208
0.21420865
-0.101973526
0.044696055
0.4841327
-0.007467811
0.3078082
-0.23681124
0.53371257
-0.51862526
-0.24876544
-0.28711408
0.28281167
0.16930461
-0.30329594
-0.23737177
-0.45223427
0.023815067
0.07111151
-0.31909844
0.24318723
0.039057862
-0.25947616
0.11328605
-0.046124727
0.0941474
0.28036442
0.43500894
-0.21280818
0.039704192
0.10943856
-0.073059395
-0.1754958
0.15157317
0.07483247
-0.35613486
-0.33646992
0.1001309
0.33813816
-0.4882073
-0.33772618
-0.10471397
0.11662031
-0.8068619
-0.13447215
0.11745057
-0.5679885
-0.18639918
-0.023888892
-0.28114504
-0.19627705
-0.21878175
-0.48723748
0.013535659
0.26232943
0.08957399
-0.3402255
0.1871593
-0.53774095
0.16095676
0.08518185
0.12389717
0.06208739
0.057253227
0.06427732
-0.28554446
-0.42087868
-0.015857289
-0.42604092
-0.12735641
-0.2867903
0.41289994
0.04203749
-0.41890958
0.024692029
0.32774776
0.2701802
0.13254689
0.041322585
-0.073056124
0.36043596
-0.38960752
0.20386456
0.1781425
-0.05184191
-0.099436074
0.34246528
0.16883184
0.30604032
-0.062514596
0.022159973
0.07143636
0.2075573
-0.14762495
-0.25512698
-0.59413314
0.17755874
-0.40050003
-0.01941046
-0.10828249
0.25212276
-0.052762393
-0.32846254
0.41953427
-0.08503363
0.1063623
-0.38185856
0.17027572
0.4202095
-0.59500384
0.044732336
-0.09005683
0.45407495
-0.17528683
0.4295933
0.26474017
-0.15675688
0.23616143
0.1963266
0.29060435
-0.039787337
-0.107883565
-0.24599643
0.21240945
-0.11772151
-0.042609178
0.026676841
-0.09776504
-0.45060033
-0.0050543174
0.1660319
0.23078749
-0.08426025
-0.0021021306
-0.22310394
0.008181333
0.35814476
-0.23572654
0.13219504
0.13246748
-0.33657572
0.14397742
0.1427614
-0.28873447
0.029964855
0.071134195
0.22950192
-0.0673077
-0.2970588
0.14598024
0.12176752
-0.049270812
-0.05347861
0.1203493
0.00043261563
0.16760997
-0.13098727
-0.22184221
0.0032323939
-0.05287323
-0.92336214
0.11214075
0.50935507
-0.2464788
0.17151687
-0.6212234
0.0625962
0.0052922238
-0.31953543
0.019216958
0.7500987
-0.083172195
-0.13105659
-0.26995206
0.31865135
0.3105182
-0.26362753
0.16907687
107.07115
0.2576292
-0.24996093
0.37654564
-0.12528083
-0.6123386
0.06538611
0.101462215
0.09417263
0.17540528
0.33539787
0.29292762
-0.03413376
0.02031205
0.14512229
0.28502053
-0.027539743
-0.13326134
-0.14323401
0.6558462
0.11280407
-0.38390404
0.09114012
-0.03442697
0.11254
0.14624701
0.19254965
0.44170302
-0.077461615
-0.10976612
-0.032935444
-0.073718645
-0.09847112
0.21357748
-0.18591405
-0.120286636
-0.10799095
-0.04527544
0.23146492
0.09095942
0.09036054
-0.017214697
0.12714896
-0.17691049
0.0002692315
-0.65301764
0.08411748
0.2103565
-0.0026169356
-0.2555352
-0.3028989
0.10520275
-0.6766522
0.051287044
0.40061927
-0.8041491
-0.41808593
-0.33780408
-0.058928728
0.30300114
0.23624663
-0.08041399
0.17814302
-0.3811537
-0.17413141
-0.26543546
-0.20790617
-0.5815664
0.15461092
-0.08219198
-0.025973737
-0.69755423
0.017168988
-0.26622084
-0.22262402
-0.2718448
0.18011826
0.11419892
0.0006584602
-0.113276064
0.21479122
-0.49802634
-0.24109884
-0.12938593
-0.28580502
0.13510111
0.037033554
0.019289132
0.11343766
0.0651985
-0.049360305
-0.62917256
-0.039958682
0.26838017
-0.31090003
-0.46261093
-0.033491086
-0.04448661
-0.015356081
-0.48908973
-0.41534767
0.092254244
0.33802578
-0.14201126
-0.054269955
0.0691881
-0.4980446
0.23687989
-0.3377432
0.3054941
0.7105621
0.41796228
-0.16870046
-0.34671944
-0.0459525
-0.37941954
-0.028634725
-0.6306521
-0.024787772
0.44998494
-0.5489177
-0.13731326
-0.025534283
0.24423257
0.13326068
-0.10631065
0.43980396
-0.0031725706
-0.41660678
-0.2635912
0.35962278
-0.25779662
0.016927378
0.3433095
-0.49920917
-0.1285726
-0.30227512
0.22206329
-0.35734522
-0.024122804
0.07269086
-0.7572812
-1.0844496
0.004974807
0.27491137
0.11513575
-0.18160194
-0.46935675
-0.47493035
-0.07594359
0.1548954
-0.10784902
-0.0037669165
-0.10794191
0.054776218
-0.28995684
-0.073913924
0.38037914
-0.0408008
-0.50548005
-0.1045262
-0.013182954
-0.5264065
0.31335542
-0.06906678
0.28041598
-0.36579356
-0.03212981
-0.01075645
0.24170811
-0.17897661
-0.18684639
-0.2773479
0.1963426
0.017756391
-0.09218242
-0.19602707
-0.3464778
0.0005515191
-0.13279662
0.21574791
0.038134273
0.44973746
0.07505401
0.18147594
-0.58992094
-0.3060388
-0.15573768
0.022945134
-0.38289714
0.07146213
0.045030493
0.04077333
-0.47085327
-0.0546668
0.035999563
0.2793352
-0.26634032
-0.026479442
0.08842738
-0.110566586
-0.15737465
-0.24587071
-0.14370075
0.42595673
0.06547064
0.089997955
0.18530208
-0.40417805
0.42657855
0.12193193
-0.3901965
-0.10347334
0.16458438
0.086570755
-0.38189006
-0.26354507
-0.30963096
0.39067474
0.08650744
-0.46283868
-0.11095505
0.31142348
0.14789864
-0.55360407
-0.38864636
0.10415735
-0.24689567
-0.39718878
0.10959426
0.073797524
-0.6267106
0.12443429
-0.21077052
-0.12146774
-0.16356677
-0.30548134
-0.1729943
0.20406163
-0.6792933
-0.34921744
-0.2880265
-0.013773626
-0.22586086
0.114489526
-0.095008105
-0.00083623803
-0.095076196
-0.3780465
0.08835589
-0.25576758
0.35652092
0.025689071
-0.04854301
-0.052068476
-0.08414871
0.3389837
0.075472824
-0.4067557
0.020462966
-0.44712442
0.07150508
0.093019046
-0.32309043
-0.103354454
0.02786503
-0.1293593
-0.3473018
-0.3055714
-0.22973542
0.1535744
0.0026742667
-0.04285431
0.12385507
0.13534078
-0.038908936
0.17297484
0.17332509
-0.053336374
0.11222173
-0.26663816
0.048994325
0.40388513
-0.048185077
-0.341621
-0.05942094
-0.72175956
0.14716557
-0.26655555
0.21580084
0.036122456
0.29640067
-0.044755574
-0.20295437
-0.043067235
-0.5107657
0.020380437
-0.1786321
-0.17764696
0.32215983
-0.15529807
-0.20396471
0.100001775
-0.2785715
0.15726522
0.21781574
0.36221844
0.06395725
-0.18687299
0.15746976
0.26003957
-0.17037639
0.098442696
-0.1319141
-0.084779635
-0.38122204
-0.4049224
0.08913084
0.0007708051
-0.43292814
-0.39182696
0.42874056
-0.26056895
-0.4922936
-0.25764728
0.5082526
-0.43672708
-0.18258193
-0.07360148
0.1969466
0.27248228
0.019353159
0.07483892
-0.25520498
-0.021637345
0.22395673
-0.08012121
-0.062663525
0.45939758
-0.1591316
-0.25941977
0.11066691
-0.2811528
-0.5086934
0.92022234
-0.07132815
-0.13513638
0.49376085
0.13256533
-0.087166615
-0.30112487
-0.104970865
-0.60495627
-0.803713
-0.34478396
-0.027917517
-0.3283164
-0.0165473
0.120033406
-0.68862426
-0.24255742
-0.23252514
-0.48381877
0.27657193
0.16141409
0.0730997
-0.6729762
-0.54609036
0.045504775
-0.4051185
0.03904337
-0.31682286
0.07641436
0.5019601
0.43392292
-0.32770398
-0.19366705
-0.4124794
0.28341436
0.06260637
-0.46619686
0.034166593
0.15030673
0.05251749
-0.28467584
0.58523554
0.19950128
-0.2585349
0.01855135
-0.2392405
0.28599295
0.3119624
0.05642147
0.64201707
0.28852898
0.007042975
0.13050185
-0.22309569
-0.68826944
-0.0184697
0.069281116
-0.2632584
-0.22408582
-0.02150588
0.17671378
-0.3057364
-0.22761373
0.047051053
0.119764656
-0.09507714
0.036161058
-0.23976704
-0.6436087
0.22084764
0.074856676
-0.041076224
0.28624094
0.25583807
-0.2870131
-0.038012646
-0.24035765
-0.0012215034
0.11680132
-0.14762694
-0.51665634
-0.06472519
-0.36698115
-0.10074654
-0.23969151
-0.10693052
-0.03464925
-0.29940984
0.031664997
0.40185192
-0.5905673
-0.39632672
0.1949568
0.1789368
-0.09515245
-0.30279538
0.21601056
-0.021067053
-0.18166001
-0.39203247
0.061115872
-0.086141475
-0.11647194
-0.36174437
-0.1560572
-0.066051856
-0.21144567
-0.42397735
-0.05946719
-0.5611192
0.16132782
-0.2772676
-0.43091002
0.011635025
-0.24426043
0.032885235
0.22586392
-0.4679675
0.022294067
-0.28787833
-0.2999725
0.29129696
0.38624823
0.17599058
0.16764526
-0.6980536
-0.04256472
0.2807622
-0.23075286
-0.16112727
0.11331881
0.44442016
-0.19243804
0.27071616
-0.4965771
-0.07113992
-0.24643853
-0.50144356
0.21789722
0.18477225
-0.88227993
0.032873135
-0.13542463
-0.08617809
-0.11434073
0.07837652
-0.11263532
-0.022996511
-0.71161175
0.34483826
-0.50047785
-0.2564882
-0.14393404
