-0.0016742443
-0.0011949034
0.004680744
-7.070719e-05
0.0023527346
-0.0024336549
-0.003653794
-0.0066190218
-0.0006103287
0.012968172
-0.0006214946
-9.401457e-05
0.0077712205
0.0041767317
0.0007956521
-0.012792993
-1.6821252e-05
0.0002523264
0.00033945852
0.00017077343
-0.00061742455
0.0027750628
0.012000695
0.016629245
0.018617144
0.0021367564
0.0022582589
0.008609234
-0.038789764
-0.0074814865
0.007937024
-0.004171427
0.0073409798
-0.007110123
0.026588105
0.03439508
-0.0028268774
-0.008301787
0.014950793
0.0010110968
-0.0013380479
-0.026154114
0.048645057
0.0010189929
0.021770863
0.024663698
0.014108968
-0.01148076
0.016315041
0.0172483
0.04113665
0.04671034
-0.03333405
0.032630432
0.0035000704
0.038086463
0.004717584
0.01856657
0.014562574
0.015395619
-0.014574922
0.028482847
-0.0036440992
0.0011388529
0.024203274
0.06183606
-0.047851656
0.018728586
0.0011121691
0.03498092
0.049849253
0.00097531255
0.010636183
-0.020840636
-0.0025793908
-0.0011221422
0.0130332615
-0.0022375314
0.01117563
0.020252606
0.037091173
0.0011587685
-0.020205915
0.0006966986
0.049336314
0.055752017
-0.01165151
0.008487514
0.026377218
-0.002214649
0.0022243077
-0.0017868789
-0.00055216695
0.072393045
-0.010395766
0.028193364
0.02671686
0.03580454
0.036448706
0.07834272
-0.017104477
0.00811391
0.084808215
0.010175638
-0.00885391
0.035736214
-0.001293592
0.047159217
0.033136558
0.047847424
0.011776325
-0.012802474
0.009932603
0.012726063
0.029548142
0.003592071
0.02782656
0.040923852
0.0010981755
0.056376573
0.048386626
0.026010428
0.029875737
0.06143958
-0.017747415
0.11004627
0.011679982
-0.010400869
-0.002864727
0.07297782
0.08155343
0.026760913
0.06672965
0.05501891
0.052531086
0.0048657246
0.007228863
0.011467475
0.10190848
-0.0054140347
-0.04750719
-0.0006234458
0.10182103
0.077457644
-0.00073682726
0.1114648
0.01002276
0.043864813
0.046517614
0.05687707
0.05798396
0.059506137
-0.003417946
0.052514434
0.09242371
0.037832815
0.05104422
0.09765145
-0.018430758
-0.06570261
0.045984387
0.03569116
0.060957167
0.07555388
0.026472243
-0.009797385
0.20963617
0.06291679
-0.035671573
0.03676399
0.11698
0.04926958
0.07350328
-0.02903432
0.06359566
-0.027048726
0.08058385
0.062083345
0.1192249
-0.018435474
0.14310907
0.15129213
0.042381722
0.014365006
0.06145814
0.078646004
0.18654206
0.11161472
0.049700666
-0.17297778
0.16929753
0.12478263
0.020076526
-0.13630319
0.10868043
0.29224676
0.21090427
0.19832537
0.26031032
0.14699374
0.006236931
0.17725256
-0.0033545138
0.08388316
-0.09952603
-0.0070104306
-0.058967926
0.36710796
0.08914261
0.04148066
-0.03346728
0.11748848
0.18154198
0.09327956
0.048254397
0.21404181
-0.0058003254
0.21525444
0.1269544
0.28774327
0.2898681
0.11047935
0.16279973
0.19685607
0.12708487
0.06359726
0.07008385
0.109985076
-0.016400263
0.0057679554
0.020117609
0.12482099
0.0010073773
-0.012661377
-0.07288729
0.30907953
0.11081081
-0.024877116
0.09986169
0.114901304
0.25902143
-0.011962639
0.06420932
0.1969489
0.4128712
0.3387999
0.2284299
-0.07716234
0.082341105
0.09888819
0.14512354
0.25114846
0.43691736
0.20884031
-0.4417341
0.054559436
-0.07215648
0.033161625
0.41217583
0.016624123
0.2623656
0.13556121
0.25873727
0.23361094
0.08638288
0.069315456
0.057129424
0.10276175
0.108922355
0.091205314
0.5288953
-0.11622127
0.13351636
0.44146597
-0.02985052
0.05281054
0.18893453
0.15402888
0.023854125
0.19619808
0.3544031
0.26828122
0.047940616
0.38080293
0.1684813
0.27860054
-0.021734659
-0.26783144
0.26109865
-0.001655914
0.06706885
-0.099670075
0.05080762
0.10455914
0.23705168
0.34407714
0.117066175
0.23127392
0.32559216
0.03328841
0.40847865
0.043679312
-0.18757357
-0.10472892
-0.05713642
0.701552
0.090081185
0.2833858
-0.0009814099
-0.0086309565
0.17672318
-0.40116578
0.3949624
-0.016265435
0.012893376
0.6138294
0.31805366
0.07803065
0.20876329
0.26982868
-0.036521755
-0.033181585
0.17957234
0.3998568
0.15086065
-0.0081301
0.030734181
0.16567832
0.04340676
-0.4252335
0.17868066
0.5086131
0.32727784
-0.41863862
0.16858649
0.1756661
-0.08771073
0.12528645
0.16214755
0.30777836
0.3201867
-0.026928348
0.56746
0.44305646
0.34027892
0.2065565
0.29475558
0.14003849
0.20680411
0.3644458
0.25640082
0.5717473
0.028104486
-0.3504635
0.11455736
0.15424071
0.3397932
0.18181437
0.28382382
0.10445972
0.3930884
0.1455462
0.057603728
-0.12951383
0.18130642
0.14295211
0.5476711
0.121944845
0.33611956
0.23359187
0.42630678
0.18156397
0.2833894
-0.09232991
0.2109913
0.64802545
0.26432848
0.44143578
0.3067075
0.64713204
0.42119405
0.38938192
0.21106936
0.3141949
0.05612079
0.06916912
0.31099358
0.36915672
0.13514559
0.16662048
0.08351018
-0.04783331
0.14075166
-0.08844018
0.2332736
0.39967725
0.12529963
-0.118272014
0.37547645
-0.05627734
0.30477837
0.29180634
0.37918052
-0.2932662
0.019785788
-0.07231808
0.3943282
0.2839016
0.4985124
0.19155155
0.34020838
0.5776483
0.4405003
0.33410627
0.7088073
0.459848
0.3710506
0.43895137
0.20519657
0.38236755
0.34330034
0.56753427
0.44129705
0.51950175
0.65997744
0.35901797
0.42090324
0.3391456
0.6633835
0.3654728
0.1454387
0.26211256
0.41859898
0.52154577
0.4206186
0.4922311
0.54055685
0.67914206
0.6105949
0.6875692
0.07170532
0.56641144
-0.33432987
0.49912617
0.1592833
0.80986434
0.46601394
0.23250219
0.18634436
0.41175848
0.42070284
0.26643607
0.09371842
0.2754268
0.3217387
0.4680847
0.36097264
0.13600314
0.8013296
-0.030106327
0.6878891
0.5017803
0.2905626
0.34777388
0.60789984
0.33257574
0.7278598
0.30996484
0.040261526
0.6603093
0.1943149
0.22511691
0.58786196
0.06670298
0.5560762
0.57176715
0.39571816
0.4559958
0.5719924
0.2922907
0.053778555
0.13545829
0.32554054
0.46814993
0.12775809
0.40790612
0.06975208
0.463532
0.44127962
-0.08495744
0.03530647
0.77545196
0.5871256
0.11582971
0.28684172
0.20641169
0.5488007
0.51289636
0.39625484
0.58811355
0.525176
0.4256464
-0.09668001
0.1665996
0.5320295
0.72897625
0.507805
0.56004924
0.7341159
0.7411829
0.58813393
0.30352667
0.8112668
0.10400701
0.5346296
0.30172202
0.30637264
0.55653423
0.47900182
0.26680043
0.5887651
0.7146147
0.59044826
0.52072895
0.3683299
0.72085613
0.4320294
0.67450833
-0.3328545
-0.021071604
0.0087279035
0.05503129
0.5968613
0.56621695
0.7836882
0.4108168
-0.19319811
-0.19828114
0.4242548
0.52896273
0.16333888
0.69059426
0.06507741
0.6279056
0.47483736
0.3886437
0.54043275
0.5660896
0.40164524
0.44254014
0.7566614
0.70837206
0.5540177
0.2920751
0.7370497
0.8196037
0.75361574
0.640325
0.5636834
0.35018975
0.64557296
0.31681526
0.05739105
-0.33181554
0.3267733
7.179794
-0.0023075908
0.10751285
-0.22294357
0.71396434
0.76178116
-0.0232106
-0.058101505
0.024803748
0.061758824
0.32207048
0.051429093
0.023586893
0.5808321
0.08870167
0.28993294
0.4123271
0.29132387
0.54715055
0.38624874
0.67724353
0.19461465
-0.082846075
0.5265407
0.5080644
0.6366074
-0.090531416
0.11779416
0.6529486
-0.16417919
0.17241225
-0.22509068
-0.08560123
0.52589285
0.79027575
0.3413906
0.45494053
0.300789
0.85276496
0.6204041
0.4034163
0.557589
0.37706494
0.34786576
0.5460698
0.30695608
0.51309395
0.7498821
0.09746615
0.60210514
0.25909796
0.44482672
-0.1381893
-0.19955705
-0.18462808
-0.18916397
-0.18470675
-0.38522613
0.022652198
0.1259753
-0.070867404
0.5150854
0.32332504
0.30846292
-0.22140321
0.7110807
0.34402457
0.48369128
0.20615959
-0.07528633
-0.07809412
0.23943153
0.020552384
-0.43940762
0.60059565
-0.23600905
-0.221546
0.5616648
0.77258724
0.30249363
0.4327047
-0.10850416
0.7235918
0.027815895
0.5541358
0.7422844
0.5458104
-0.025032021
0.31876722
-0.13700959
-0.008500761
0.7096472
-0.29906744
0.17043677
-0.3853238
-0.2112132
0.32405466
0.5406353
0.6102631
0.59447914
0.39843413
0.19422024
0.66502666
0.0030681333
-0.065646924
-0.30057797
-0.2504087
0.46232614
-0.10073747
-0.03881839
-0.11402912
0.24902484
0.527186
0.31878614
0.15235938
0.77452636
0.19646347
-0.54206824
-0.27906737
-0.42578673
0.1002218
0.026749449
-0.68162245
-0.58609104
-0.1941199
0.17338872
0.3963877
-0.05352701
-0.35106874
-0.29261565
0.7421865
-0.21497531
0.09156304
0.000894415
0.04630349
0.76129687
0.17807384
0.39251885
0.4060624
-0.4665246
0.531528
0.4426947
-0.10249744
-0.44776592
-0.15268816
-0.67909586
0.62485164
-0.5301571
0.45907593
-0.2931042
0.23837373
-0.47847772
-0.7021477
0.029060896
-0.16212334
-1.1637874
0.07541284
-0.2334553
-0.42806488
-0.059240244
-0.2710026
-0.37290582
0.5782792
0.8115839
-0.07870564
0.04294628
0.24396595
-0.30877155
0.105081
-0.3941582
0.17979093
0.08513488
-0.36207366
0.09727666
-0.9176623
-1.6164137
-0.40520674
-0.15093225
-0.5927529
0.19557379
0.47270447
-0.12369656
-0.2551787
-0.67498994
-1.0099964
-0.22666694
-0.5121309
-0.05146775
0.17663014
-0.3623668
-0.13039601
-0.39635134
0.3040127
-0.48816484
-0.9134915
0.7558633
0.14164692
-0.365828
-0.9544482
0.251229
-1.2484348
0.16012868
-0.060113136
-1.1038513
-0.14948903
-0.3967607
-1.1502194
-1.0591903
-0.7953832
0.039155975
-0.22240378
-0.85979193
0.1989886
0.84904784
0.056214463
-0.87771714
-1.6089166
0.39633444
-1.7097387
-0.9210551
-0.80259526
-1.9693155
-1.3466804
-1.077522
-0.97769415
-2.755181
-0.6834802
-2.340819
-0.40179375
-3.3368347
-0.7954945
-2.1870885
-2.0813212
-2.720677
-1.6252295
-1.8015575
-3.6173892
-1.493651
0.8825441
-0.56848705
-1.2540848
-1.1999148
-2.8169873
-1.6413509
-1.3720317
-2.7383277
-0.39217785
-1.3988775
-2.0683184
-1.9409734
-1.1529273
-0.5691507
-2.578643
-3.540136
-3.3237162
-0.35978043
0.07102437
-3.7358596
-1.9901651
-1.7614019
-1.6903065
0.03443072
-1.1812052
0.51860434
-0.08630231
-4.3601546
-1.2269642
-3.9313982
4.1931896
-0.43832013
1.5717422
-4.588027
-2.841997
-1.6429209
-1.5779921
-4.164571
0.31461465
-2.3924143
-3.2693567
1.166603
-4.085216
-5.804919
-0.10555497
-0.14579909
-7.8151197
-2.3868651
-5.7682676
-4.9497585
-2.1879058
1.7911298
2.627948
-6.363607
-1.4494418
-3.4574616
-4.036686
-4.926393
-3.20584
-5.883304
-6.117656
-7.815337
-7.3284264
-9.721369
-2.617031
-3.2734776
-7.9328365
-4.1529174
-5.7682714
-2.5158777
0.05742719
-3.2349076
-5.936954
1.1843294
-7.1981497
-1.9340578
1.711195
1.9106936
-5.227152
-6.024067
-2.4938211
-6.3127384
-5.0039625
-10.2370825
-10.994161
-5.85308
-6.444297
-7.4669065
-5.585724
-5.27319
-3.6544287
-6.644103
-0.11976061
-6.12291
-4.5880823
-11.220595
-9.821421
-13.395734
-5.5177426
-11.729907
-4.8238726
-6.1607103
-7.0525565
-3.4603434
-9.076071
-6.8459044
-1.273449
-1.4683473
-2.2343988
-15.255362
-12.509348
-13.173058
-17.561869
-13.471271
-6.8945985
-15.548273
-4.5133605
-15.243183
7.9025097
-11.64906
-10.936131
-15.003155
-8.817335
4.816852
-5.037013
6.897144
-24.123394
-20.343126
-9.941164
-20.729065
9.239176
-7.663135
-7.9854097
-4.186078
-19.695408
-20.618837
-5.8490486
-18.455553
8.082154
-25.336555
-10.682704
-18.217138
-37.676357
-12.274276
-12.669679
-19.779724
-5.2933445
-16.286623
-11.54238
-18.30042
-20.692148
-26.587591
1.7919959
-5.5089674
-17.947073
-23.02904
-20.585573
-5.8566823
-9.038585
-22.524937
-23.398312
-22.645008
-36.007996
-20.509512
-30.656693
16.156664
-3.6032367
-35.721645
3.9187014
5.4144683
-29.849792
-11.925282
0.11611143
-9.155967
-32.465973
8.508495
-4.1898484
-29.265478
-2.051305
-6.6588035
-4.1858416
5.6011906
3.2390988
-26.006138
5.994226
-20.243952
-39.38547
-13.949844
-30.476665
-25.82927
-13.066755
-15.434147
-14.325637
16.653921
-29.643969
-41.521324
-35.29387
-28.923395
-41.995842
-10.743137
15.30128
-22.23065
-28.939133
23.07588
-27.253735
-15.790101
-23.337643
-27.997276
-20.326122
-15.992933
1.287624
-28.43302
-23.610687
-37.598656
-49.741802
-34.895393
-44.65148
-25.56192
29.494116
-12.636355
-39.2049
-20.943682
-36.39746
-4.726824
-30.006653
-9.329612
-110.17728
32.053085
-42.13618
-31.419508
-42.957523
-39.779648
-17.907873
-54.595608
-40.20348
-68.51429
-47.782307
-76.67313
-27.695593
-95.17795
-21.096071
-33.657513
-83.0968
-48.741856
-32.68465
-11.685632
-5.3505545
-46.307346
-36.618237
-47.964764
-33.384468
-18.274776
-56.592594
-23.171753
-41.88719
-95.28342
-53.124893
-44.33193
-7.090732
6.592837
-19.100946
13.402547
6.248865
-77.25901
-61.266136
-49.81374
-70.06417
-4.654143
-80.4665
-85.294655
-2.2449017
46.450634
-5.5933824
-28.808731
-6.7565756
-76.4454
-184.56097
27.157078
-45.659637
-35.430603
0.6286858
-45.14552
-64.57242
-15.587223
-97.54173
-82.67381
-58.404034
-14.020335
5.6447678
-77.94587
-100.94723
-84.96586
-32.04401
-63.596836
11.191332
-118.27758
66.20823
-46.78348
-29.946815
-59.67097
-53.34183
-153.21843
-102.16945
-6.84468
-86.61673
-103.937164
-72.68161
-74.33248
-90.042175
176.98581
-126.889275
-172.2299
-34.118553
-41.900482
-17.686455
-179.10843
-151.12201
-30.21492
-63.519238
-137.39574
-99.76655
-143.07611
-125.01618
-111.677635
-35.681366
33.441135
-78.496925
-28.765442
-55.16311
-119.17499
-117.51408
-106.04971
-154.45457
-34.25161
-137.44695
-127.4716
-10.857879
-197.35196
55.55852
-163.3805
-157.59134
-34.821537
-145.13745
-54.079945
-36.510166
-121.57223
-134.74168
-168.91373
-114.372765
-126.62725
-90.73742
125.41968
-55.756325
-15.512431
-8.0892105
-107.006294
-206.1453
-160.35945
-176.54137
-98.537445
-73.20706
-152.50137
-118.64721
-231.31471
-141.61023
-171.87386
-181.13605
-126.189606
-113.438705
-73.16495
-168.2172
-204.01723
-159.12086
-329.50266
-117.205124
-67.83885
-191.62532
-15.704171
-195.06546
-225.774
-122.71864
48.40194
-65.903595
-100.16747
-133.11049
-80.91908
-55.284355
10.585836
-66.92873
-114.561844
-282.38016
-245.5417
-223.76907
-131.42079
97.63946
-38.790203
47.499416
-185.38208
-65.073685
96.02015
-175.97125
-157.29704
-210.58116
-98.81158
-113.92319
-123.419395
-290.98965
-28.42282
-248.28017
296.46805
70.452126
170.0647
-330.85318
-86.54551
-208.68729
-130.02121
-342.36862
35.82
-185.4226
-198.0313
-93.64715
-305.4076
0.33966035
-51.510998
-98.14543
-76.248886
15.639587
-6.5530367
-266.22632
-196.93115
-290.5573
-158.35283
-68.690216
-124.113525
-153.09358
-227.18248
-200.5639
-217.08075
-207.94469
-263.58374
-259.95605
132.00746
0.37009475
-212.31125
-12.670267
-204.86479
-252.08734
-213.7106
-386.24744
-276.29245
-60.807858
202.71611
179.16437
-68.3053
-103.65835
-199.49467
-78.509056
-192.2666
9.203858
-152.0031
-60.364574
-220.97543
252.20633
-346.52017
-86.32346
-169.62233
-421.4152
-51.189274
-195.79012
47.348362
-108.81298
-135.97955
-141.762
-379.04898
-112.65645
-480.11792
-159.67052
-255.54642
-94.33076
-406.8088
-292.7183
-257.83667
-276.4583
-114.29137
-170.3783
-275.6399
-293.98154
-62.977257
-558.11176
-205.74129
-304.54794
-457.0315
-215.7471
-601.85205
-205.0043
-29.23855
-208.36081
-339.3145
-242.08307
-142.33336
-547.2093
312.9321
-213.78685
-350.59314
-367.2168
-434.90216
151.44376
-147.97668
-185.3077
-290.89865
-244.0813
-179.76604
-294.39017
-539.67
-450.57043
-122.08909
26.34547
-182.1614
-474.3042
-19.234047
134.69717
374.1295
-257.6428
-605.6768
-506.27988
-660.1211
-618.0247
-435.11478
-88.17356
-217.56252
-714.83514
273.3667
-220.96507
-221.51295
-63.054665
-452.35764
-652.4489
-16.229687
-53.133255
-164.89424
-330.5718
-172.22464
-216.75104
-556.8879
-448.66586
-427.9528
51.8175
-582.6949
-348.18387
-591.2769
-521.2278
-850.9571
-374.3863
-212.5204
-270.02872
-264.07013
-292.5482
-93.446495
-499.30057
214.44373
-466.48163
-646.6448
-280.94986
-859.66254
-158.77875
-493.4027
-333.0079
-117.54868
-1131.2426
-416.99292
-237.24005
2.3702781
-700.3449
-199.07541
-659.38574
-176.5401
-113.40355
-239.57358
-305.01608
-353.83453
-464.64725
-669.3043
-86.61551
-363.87485
-759.6181
-108.83727
-439.20416
-428.1336
-442.36627
-262.0368
-344.8781
-879.18176
-452.03864
209.16113
-328.62073
-733.69366
-118.51609
-653.6207
-115.921005
-562.9602
-133.16374
-789.5406
-509.0793
-806.59204
-680.4823
-220.8012
-1460.6403
-393.48267
-824.8789
-1155.1151
-1092.7712
-753.5942
-1098.6526
-192.53319
-223.95866
-434.0663
-54.174793
-764.0452
-65.4046
-944.91327
-472.63184
-51.950424
-1036.4088
-381.95316
-339.04675
-1300.3262
-743.72314
-593.2712
-1167.1042
-747.6504
-741.56494
-543.293
-675.08954
-887.2761
-662.8918
-765.3023
-543.54364
-770.8795
-965.19495
-719.116
-970.65674
95.312065
-209.55626
-864.26263
-1097.6454
315.14883
-1068.0392
-936.9053
-880.4286
-457.55466
-1634.7815
242.30215
-1258.7136
-3.1290078
-1198.28
-454.82352
-1035.2883
-280.56757
-1076.5107
276.65826
-536.3984
-1398.5568
-577.2356
-449.12894
-233.4596
590.9266
-824.68005
160.9323
-1498.8604
-1738.959
-1223.265
-37.429695
-1237.0691
-358.50732
-935.2293
-1244.3058
-1197.7384
-950.62726
-948.64386
-1596.6237
-590.53015
-1471.2435
-222.22993
1091.7375
-271.39423
-396.85504
-883.22095
-1450.349
-1627.6958
-1066.4813
-1141.967
-1293.9458
-1684.7273
-155.21219
-1153.8158
-1279.8667
-52.830498
-1100.4343
-115.93619
237.65016
-273.226
-394.22046
-1820.9194
-1207.974
507.6693
296.70123
-21.523825
-2059.6375
-1012.4718
-800.58545
-742.435
-1303.6989
-1141.0287
228.50543
-957.11035
-1042.6936
-485.31442
-2055.835
682.83167
-1250.7456
-232.8013
-1503.5309
-1280.3866
-986.6235
-753.51245
-1030.0559
-1383.4875
-1451.5647
-1160.7357
-1752.5332
-1240.7628
-841.9679
-1342.6915
-1055.1011
-908.32086
-166.33078
-864.8982
-1874.6112
-1304.7216
-2063.1528
-1817.9669
-432.44537
-1224.6934
-1906.1211
-246.39168
-1459.0947
-186.84572
-424.19318
-1719.4458
-683.9287
-639.96204
-2160.5317
-1214.5214
-770.1815
1026.283
-2095.7578
295.153
-1867.4724
-2071.439
-1929.945
-1637.5795
-1251.6526
-3404.8347
-836.65295
-1385.0846
-652.01086
-1580.0703
-600.37463
-1563.5848
-1566.3618
-734.75684
-1233.3503
-1336.5427
-1983.6775
-842.865
-827.0048
-1924.4248
-1485.9342
-1537.2952
-1668.2485
-1671.549
941.226
-3053.0876
60.106083
533.6071
-768.3357
-1132.3679
-822.9874
-871.57916
-3496.9878
1325.9225
-441.4696
-188.52293
-836.1734
-3065.2876
-1801.6534
-541.7862
-3451.4211
1281.7869
-59.13637
-1924.9543
-2277.4875
-2165.6377
-421.79584
-2005.2863
-295.11148
-1062.5287
-36.3403
-349.7677
461.27347
-2273.7808
-1593.6445
-3812.5771
-2847.8357
-2184.2568
-63.087086
-52.806343
-597.46967
-638.7926
-919.19385
-1612.9258
-906.5794
-2757.3538
-2316.9827
-1986.6924
-1262.3591
-1076.525
1337.167
-979.32996
263.79108
-1085.5812
-1522.3569
-516.056
-1183.8452
-2188.1113
-931.61316
-418.2346
-1874.0802
-1010.68915
-869.7855
-3417.1912
3974.9912
-3215.5176
-1226.6547
-2092.239
-315.9254
-601.65576
-985.55255
-1970.8047
-1778.5767
-2858.0845
-2965.6912
-54.61345
-616.6162
-484.52734
-259.41193
302.53122
-2506.6453
-266.56113
-1852.0975
36.600086
-4072.0667
-2607.7566
-863.2228
-1808.7279
-5416.382
-2267.906
-738.0537
-1566.7083
-699.7216
-2974.3367
-872.3109
-3721.2073
-600.12164
-3093.808
485.33298
-3463.421
-3042.4578
-1537.0809
-202.3059
-2187.2107
-865.8212
-2192.231
-1974.8877
-1843.3999
-3760.7786
-44.39879
-1563.8688
-1846.3561
-155.03784
-1137.2812
1526.5781
1020.3332
-724.7713
203.9082
-3008.7485
-2310.2732
-970.9975
-3757.499
-109.31874
-1409.2313
-1962.6151
-1426.1993
1688.3658
-1934.3287
-1440.7144
-2746.493
-304.78256
-1940.5535
-1274.6376
-2349.3506
-4279.9272
215.58435
-2300.8806
-3822.3987
-433.90863
-2753.4065
-2488.5754
-971.8229
-835.48126
-1635.5287
-3798.201
-929.2673
-1071.8851
-379.12225
-4183.4717
-2713.5464
-814.001
-2935.8918
-2590.273
-4030.4504
-670.4052
-2704.717
-385.98605
-605.2014
-631.724
380.07617
770.44495
-1475.1469
-2734.7517
-2794.7944
-2119.7808
-2160.3826
-4854.058
-2697.1526
-3351.9592
-1829.1292
-4210.425
-2822.555
-2466.9558
-935.86053
-2557.2705
-1798.9503
-1223.4618
588.21075
-3997.1892
-2556.8257
-1274.7238
-2120.6519
-4602.229
-2613.9011
-2448.5195
-4256.7275
-1262.286
-452.13226
-4234.189
-1060.2212
-5842.708
-3874.026
-2081.2542
-2390.7473
-2481.5999
-938.0391
-393.70633
-3841.1008
-1934.0529
-1658.2186
338.47482
-4065.0605
1278.7054
-4016.0952
-1281.8475
-3877.512
-4343.3325
-617.34924
-4958.803
1628.0972
83.447174
-4306.499
-3698.406
1243.6664
-3829.0698
-3853.3965
-1832.3262
-3345.7622
-3266.2488
192.30725
-2447.8284
-494.9932
-30.3632
-3845.7212
-3656.6594
-3387.3982
-2812.6394
-1524.9218
-2643.3337
-722.90283
-3368.3113
-2705.0427
-2258.9043
-4327.845
640.2611
-3004.7712
-1321.1787
-2362.0903
-2466.402
-6040.7593
-1780.9845
-2926.7158
2727.0264
-3051.9985
-1669.1165
-2891.0703
-4829.912
-4627.5186
-2097.6975
-5099.496
2136.4036
-6544.047
-4820.4434
515.713
-1203.0266
-3171.0493
-605.6661
-7436.6543
-245.09196
-4191.7344
-1134.3772
-936.306
-761.9592
-4445.7725
-1762.2545
-5213.4756
-5926.988
161.26486
-5333.536
-5229.4033
-4000.5671
-1386.9349
-1318.0996
-96.00635
1071.2406
-3709.7378
-1085.2094
-2690.1296
-4686.817
-3135.4153
-5410.8945
-3777.2542
-3717.4814
-5056.8706
-6037.192
1250.0463
-6865.8613
-712.07385
-35.179195
-1597.5662
-4799.3325
-1871.8231
-3497.979
-1845.9899
-5849.577
-3813.9023
-2890.1714
-3106.593
-3247.655
-3305.0916
1220.5016
-5051.729
-4412.656
-2832.03
-1263.4078
214.154
-4604.526
-4389.5693
-2148.2847
-2935.9006
-4116.9805
1293.0406
-3110.954
-5064.4136
-8094.561
-8164.4326
-3804.6506
-2166.476
-4364.9717
-6819.7974
-3998.5764
-2846.273
-4181.8867
-4735.173
270.48663
-2177.3113
-6905.9043
-5655.5527
-6044.3013
-2878.6199
-8321.661
-1062.4829
-5503.723
-879.97626
-8651.064
245.04288
3701.9766
-4382.3975
-4043.818
-2021.4149
-1297.184
753.2735
-4913.0376
-4508.749
-3465.7925
-6339.046
-5099.7705
1004.53644
-2259.823
-3673.7861
-1820.7821
-12432.387
-1975.1166
-5157.6724
-3964.6282
-1331.6167
3734.0508
-1970.8766
6213.089
-8039.4526
-2410.6316
-9552.503
-5491.882
759.1047
1314.3553
-3784.5723
-2942.7917
-1941.1132
-6604.508
-4050.2676
-4018.693
-2442.8733
-7148.6367
-7132.778
-7387.608
-5994.1006
-6303.3877
-4176.8184
-6154.042
555.33167
-3987.318
-5556.5435
-3827.1804
-4619.4824
-6755.2886
-5209.7573
-4422.2354
-3598.1038
-8372.83
-5307.984
-1339.6306
-1315.8367
-3795.1816
938.69366
-4079.3652
-4322.982
-9169.264
-9262.929
-10924.596
-2819.508
-2147.999
-3161.5063
-8122.425
-6883.027
2541.8267
800.5884
-3252.1667
-1742.6826
-6258.072
-7825.739
-541.45026
-6483.951
-965.8012
4409.8706
-5141.028
-7273.2847
-8917.442
-7741.2056
-3134.486
-5604.8477
-4522.048
-4463.741
-6854.109
-448.75775
-713.2977
-5166.8516
-1337.0597
-8521.696
-4695.2637
-6957.212
-7553.1226
-6885.176
-5203.3525
-5617.5303
-5925.1826
-3511.384
9702.373
-7004.3945
-5076.619
2465.49
-4896.1797
-2283.9663
2730.4429
-9219.405
385.6179
-1563.2316
4929.0728
-7101.38
-7174.0127
-45.916084
-6529.238
-5094.3545
-1647.4852
2404.811
-8956.948
-6939.4956
-6330.976
-3422.1294
104.48033
-7559.3584
-2282.3704
2171.4885
-10725.322
-421.02737
-12026.436
-1643.6519
-7062.259
1719.463
-7153.404
-8429.828
-4001.0234
-10586.859
-3259.326
-3729.284
-11356.959
-5980.5806
-6474.5967
-6109.9014
4119.8027
-1818.6191
-3383.556
-4159.428
-14878.8545
-1422.6128
-7124.1206
-1136.9224
-11533.581
-2009.4504
-233.02945
-9451.193
-4396.573
-6455.96
-3601.0312
-6474.479
-3189.3396
-7918.281
-1823.5325
-4058.5457
-509.34192
-8164.153
-5919.7515
-8547.519
-7133.5415
-5466.459
-8636.0205
-6162.4434
-8548.754
-5714.146
-4502.781
-2066.4888
-4765.5127
-3065.6694
-6125.7983
-5001.738
61.37238
-7171.348
-11646.81
-7509.972
-11362.763
-9567.713
-8167.0215
-8799.331
-2528.0964
-4147.042
-2004.293
-3225.961
-5063.978
-8773.169
4062.9092
788.36145
-412.58035
-3642.2488
-6258.9937
-11307.267
-8795.207
-1400.0836
-13144.711
-5920.857
-8351.429
-4922.156
-11272.654
-12108.97
-3475.8882
-8823.442
-8458.52
-12357.006
-8801.934
-6991.6104
-5505.362
-9343.778
-6443.7637
-2794.025
-1179.1774
-3293.7822
-4717.1143
-10712.409
-7355.4585
-7250.2627
-13222.99
-11817.8
-7341.609
-1119.3646
-7749.6353
-7908.4897
3283.5007
-12959.795
-11252.168
-14961.696
-631.58044
-17976.559
-11880.327
-7457.3013
-6940.1943
-2295.8267
586.84576
-7360.964
-2826.2354
-6882.452
1676.2327
-7724.339
-7842.0967
-724.70776
-13445.061
16221.067
-19.427198
-7882.45
-10214.549
-8077.66
-8329.79
1631.4296
-4010.7432
-4265.382
-13612.455
-8810.06
-2437.057
-10397.188
-9331.82
-17432.59
-2070.205
-13059.171
-5571.084
-12264.013
-12465.166
-6769.3745
-1515.7284
-13268.374
-4352.1963
763289.06
-16661.234
-15675.173
-13001.502
-8414.925
-15775.192
-7079.1553
-5549.7944
-2879.8306
-4756.583
-9883.596
-19106.295
-4097.8457
-13963.116
-9821.117
-2221.33
-5498.683
-3169.18
-7690.879
-13563.882
-6394.5186
-9435.978
-11497.553
-1446.2603
-4043.3577
-8192.776
-6003.861
-3010.6633
-5116.193
-755.51984
-12270.829
-6519.3335
-6763.2173
-5336.8945
-5179.895
-14578.474
-11137.395
-7802.657
-11958.567
-12550.624
-3271.745
-6206.6787
-2165.6611
-7935.046
-15029.299
-4016.147
-5232.7974
-13730.115
-390.59964
-9583.988
-5725.3735
2791.407
-5870.9565
-13198.339
154.10889
-1600.3109
-4800.351
-595.86316
-9863.397
-6244.4116
5507.5366
-5543.1943
-12275.469
-2824.9807
-8195.276
-13637.861
-4038.3972
-3847.434
-14505.161
1955.6235
-10961.054
-4064.8218
-3425.5657
-3185.156
-10542.041
-7849.809
-7595.789
-2083.6187
-8690.889
1602.9119
-3571.0637
-7881.4526
-6437.731
-11795.846
-11290.322
264.4511
-6015.2817
-4671.1343
-9452.659
-20733.285
-17010.31
-13803.512
-2910.9487
-12883.838
-10193.96
-3188.7302
-12624.438
-4460.109
-403.78485
-6750.7085
-11514.399
8724.175
-1203.0184
-11943.888
-9872.56
-8822.477
-10364.142
-1608.5426
-16815.738
5956.483
-12290.224
105.364105
-12929.453
-3011.5012
-5495.5396
-2443.2983
-14090.167
-5727.477
-6482.2925
1081.6776
2888.33
4868.909
-16946.746
-649.8277
-9344.441
-14415.049
-24898.1
6760.6436
-6147.8574
-13852.445
-16430.537
2159.7083
-5425.793
-6007.7603
2049.954
-10652.399
-8618.563
-1304.957
-16432.986
-6649.2544
-13687.436
-12720.141
-15915.673
-6560.501
-18954.658
-12222.772
-8975.372
1836.0466
-10167.688
-11254.052
-7852.422
-9118.191
-12781.202
-8800.8
-5769.159
1572.383
2068.2932
-11781.196
-7045.6636
-3556.543
-6678.3354
-5006.704
-10920.436
-483.57092
-11935.449
-11595.916
-3278.2441
-18564.852
-10155.383
-6545.0044
-9019.866
-11654.12
5763.956
-7395.5205
-3453.1504
-12830.302
-10756.512
-183.35614
-10682.541
-864.37427
-21295.07
-11345.971
-8507.078
-7287.1567
-11902.3545
-18487.4
-9891.664
-4727.1885
-4781.594
-2445.539
-2397.2102
-1542.1963
-7305.1567
-6514.376
-20692.459
342.85663
-14267.884
-6222.8765
-13604.18
-9416.248
-15082.22
-9475.946
-4820.483
-3617.964
-5599.17
-10973.719
-12145.175
-21685.05
-5495.9404
-12000.184
-7289.535
-12716.751
-15960.24
-9541.396
10117.821
-12283.961
-13032.554
-2947.6418
-18574.895
-11699.62
-6703.4697
-5334.389
-9650.882
-10224.652
-17213.318
-197.26866
-303.2965
-3441.7205
258.26212
-5443.2524
-10013.76
-13584.408
-7834.98
-1334.3163
-11985.263
2713.4246
-7668.678
-8534.018
-4888.086
-10981.93
-8357.633
-6496.984
-559.3669
-13281.94
-4951.6904
-9638.694
-11942.917
-10653.3
-7857.4844
-12673.452
-3667.6548
-6052.4937
-8697.762
-13848.8125
1636.7878
-14064.666
-13591.486
-1531.4491
-22330.848
-8752.157
-10454.953
-6031.8906
-11309.324
-13050.14
-4085.0083
-15220.89
-8730.559
-8455.006
-2723.8945
-11504.819
2684.4897
-6890.3
-13231.572
-8753.916
-19753.191
-6873.929
-7933.929
-22234.314
-15215.604
-6069.8545
-14163.081
-8686.093
-3803.907
-2925.7537
-12000.022
-9049.954
-12845.816
-14583.269
-5478.3984
-18844.283
-12665.493
-4690.1724
-9756.104
-16626.451
-5111.575
-14729.528
-6491.274
-9301.79
-19251.75
-14129.49
-8663.019
-3726.2324
-18551.531
2669.1138
-22663.91
-2456.7202
-9584.588
-4859.214
-11484.097
-7610.013
-12460.857
-10303.842
17082.129
-16936.49
-12630.794
-13318.594
-9924.573
-13411.484
-2682.4226
-14408.693
-13943.524
-14445.325
-18803.488
-17046.316
-5970.8335
-16153.767
4154.078
-4892.917
-5563.339
-12689.929
-17285.846
-10913.759
-4311.4927
-12028.673
-10694.6875
-5040.9927
-7077.218
-12675.024
3692.8887
-10313.396
-17654.549
4342.4326
-9186.266
-16830.176
-11106.269
-9746.44
-9365.25
-6563.215
-17946.297
-17472.744
-10970.392
-7272.535
-14493.944
-7375.4624
-9822.025
-3084.8674
-3716.1387
-8885.98
-6809.7744
-1856.2388
-6793.537
-10800.806
-1168.1101
-12893.49
-16184.484
-15521.622
1903.7242
-11341.981
-3262.0554
-10815.253
-13566.788
-10249.27
-7669.458
-3461.8577
-9282.031
9387.547
-6861.557
-17590.258
-16850.59
-7843.7573
-8427.356
-4549.461
-10973.237
-10491.97
15604.726
-19027.973
-21169.178
-12189.589
-7818.97
-15008.075
-6101.6353
-10918.411
-16448.736
-18986.621
-550.3324
-5035.3496
-5590.6436
16467.14
-3788.7944
-15869.257
-5297.888
414.008
-19869.92
-7260.8354
-21828.152
-13883.619
-24832.953
-20547.564
-4721.785
-8927.538
-20415.453
-16001.478
-16488.877
-11428.502
11533.175
-11962.793
-9043.788
-24221.023
-3027.0535
-12141.524
-12042.091
-6874.9746
3119.9937
-11964.31
-9846.682
-14940.469
-18214.35
-14186.154
-26269.305
-10071.84
-17070.027
-27569.658
-6474.0625
-11976.122
-20155.248
-10703.289
-9704.14
-8737.009
-20372.402
-12519.016
-9503.659
-14697.128
-15836.24
-13662.62
-8968.606
-13719.046
-15182.815
-9656.652
12177.205
-22596.527
-19662.244
-25306.89
-16963.834
-8459.429
-10290.601
-7848.345
-13072.813
-20423.69
-13725.63
2667.5852
-32617.055
-22550.02
-16276.208
-14563.736
-8890.794
-6922.4663
-18487.398
-5984.258
-18849.86
-10925.755
-19292.375
-14631.391
-12261.72
-4034.3403
-3835.9084
-19226.375
-12966.985
-12033.91
-8925.834
-18057.008
-16091.445
-6054.3687
-2581.9795
-16384.373
-15168.414
-15784.336
-19796.32
-18831.318
-9164.932
-19064.258
-10259.343
-21737.164
-21037.531
-12896.565
-25832.33
-14404.039
-15017.659
-22761.504
-17196.377
-17376.893
-11926.997
11215.389
-20530.854
-10222.167
-4438.336
-15226.874
-18617.598
-4702.06
-16409.846
-11199.561
-9997.371
-16035.261
-8851.826
-2472.2495
-23500.355
-19890.389
-9560.917
-3048.0254
-17232.635
-12419.918
-16962.408
-6714.435
-16675.547
-7450.0103
-19169.475
-13150.244
-9609.688
-10257.151
-18006.385
-4770.899
6578.3706
-2844.826
-11978.984
-21144.537
2065.8157
-21638.045
-2036.3254
-2775.888
-13551.681
-16827.562
-8558.694
-17819.568
-8333.688
-15802.127
-13915.18
-20146.486
-9997.936
-5412.437
-20056.885
-12570.286
-20292.184
-4585.388
2491.2014
-73.37897
-26834.486
-16586.723
-10484.575
-11240.729
-14352.969
-25809.293
4480.5435
-21999.8
-13880.382
-8255.002
-9371.47
4031.7563
-16078.738
-10413.231
-11207.121
926.4176
-8181.914
-6963.1865
-9895.433
-20971.691
-16000.55
-19804.492
-16912.023
-15327.708
-1155.95
-15158.199
-8873.361
-3686.389
-11153.711
-16996.979
-9429.026
-12608.959
-21633.64
-933.451
-26134.865
-18127.912
-23091.16
-10963.35
-12648.814
-15296.557
-29300.08
-25641.18
-9172.755
-10882.325
-15939.969
-10810.392
-14184.028
-16870.074
-16448.568
-9955.031
-15314.442
-16729.459
-20966.432
-8914.973
-19850.498
-20453.082
-17358.404
-12932.684
-20535.516
-661.1044
-20429.752
-8319.743
-25212.559
-18419.809
-2441.1926
-5717.297
-12780.38
-10772.1875
-19067.416
-21594.307
-8500.723
-20051.3
868.9548
-22531.064
-2365.0396
-18992.37
-19855.271
-5892.2373
-17446.715
-28820.064
1455.9777
-8374.441
-28233.826
-9444.56
-21504.53
-4605.255
-4920.4194
-13702.579
-9282.473
-12709.071
-2559.8066
-18884.562
-4875.3794
-23656.678
-15306.134
-4592.7134
-8546.691
-8603.333
-17525.24
-25813.383
244.8122
-15686.3955
-9572.154
-11788.478
-16736.893
-7113.8076
-6399.224
-21169.426
-6398.2627
-6843.875
-6878.781
-34486.33
-15896.006
-27867.305
-10545.546
5680.787
-16389.764
-30576.05
1873.2814
-21821.95
501.04047
-18002.574
-14942.776
-17984.506
-14602.0
-19521.035
-9681.911
-1767.2997
-15062.77
-20040.678
-17429.566
-25158.23
-17780.463
-24258.414
-20580.398
-20790.965
-13258.832
-8205.182
-22583.197
-5288.5825
-5810.3447
5308.494
-25384.24
-26606.27
-16879.428
-21231.672
-10317.258
-20616.502
-24165.72
-13596.101
-9897.494
11656.99
-23882.732
-12708.739
-12969.41
-8529.039
-22773.084
-14461.218
5298.527
-21574.828
-16656.236
-2564.405
-7636.904
-33785.03
-9668.6455
-19364.63
-19206.293
-5573.4326
-9057.109
8806.802
-10344.917
-15925.155
-7489.171
-7640.5034
-17825.062
-7906.129
-15805.877
-30899.36
-17688.277
-6788.13
-13090.655
-13883.677
-10166.965
-30776.947
-23423.723
1407.4661
-16533.203
-7610.783
19941.135
-22467.838
-18377.824
-16083.298
-36174.67
-29620.428
-13748.251
-34467.438
-7632.8813
-10930.331
-22160.717
-1224.4873
-16838.666
24057.639
5924.893
-7942.0093
5745.4844
-21306.77
-25708.115
-18756.453
-16835.646
-12357.757
-4441.779
-4017.8455
3350.6013
-18556.717
-7420.6914
-3095.907
-4001.5144
-19670.598
-12454.361
-18661.36
-22478.197
-22052.223
-5284.4795
-9631.79
-22044.22
-17402.031
-13638.615
-24062.7
-18648.654
-10238.54
0.0
-16010.813
-26968.236
-19181.652
-7279.589
-18455.72
-19173.998
-8371.551
-24497.617
-14375.219
-9487.56
-10730.871
-15405.841
-19389.395
-14847.227
-11848.72
-12946.705
-19283.385
-3675.1626
-8875.478
-27075.684
-12596.059
-13739.193
-13378.679
116.17358
11648.844
-9617.964
-8179.8823
-11668.816
-18007.566
-18413.39
-869.2895
-16762.31
-31424.283
-14822.133
-22463.41
-20130.154
-8488.308
-2617.9495
1154.3611
-12791.386
-6841.5117
-11741.938
-17357.027
-20296.752
-19022.072
-25319.484
-31996.71
-31696.8
-7287.8145
-15419.406
-20392.658
-1743.2793
-6572.9033
-12219.882
-9449.122
-24524.422
-10503.804
-10046.256
-15069.987
-13154.845
-19011.32
-19011.158
-22678.633
-13085.1875
-20319.105
-11276.664
-8909.174
2665.605
-603.50775
-4077.4646
-23185.084
-23808.855
-30128.646
-28101.738
-4117.9746
-13741.865
-12456.837
-21641.31
-6629.17
-22197.88
-19759.701
-3241.839
-12241.349
-20368.92
-1788.491
-3454.6904
-10031.908
-6707.8813
-19085.92
-4059.2302
-16916.527
-24475.812
-209.21928
-20167.252
-22062.38
-4878.256
-15546.719
-5072.4185
-17857.326
-10108.354
-12781.504
-7209.9453
-19929.803
-7436.778
-22245.385
-14847.035
-17945.133
-4950.273
-15823.373
10978.297
-16226.12
-16727.404
-26496.607
-29433.785
-11004.473
-14470.436
-12046.741
-3652.5437
-24107.363
-16392.475
-23641.3
-11367.415
-7186.2163
-11187.781
-24631.398
-51503.73
-41048.934
-15896.8955
-21850.031
-9808.336
-16111.564
-10731.666
-9791.866
-29620.863
-44343.746
-21392.379
-8109.536
-14393.863
-25670.566
-14180.768
-15146.016
-9634.953
-39005.254
-16641.973
-23400.748
-20917.713
-21535.705
-32342.219
9486.301
-23914.502
-17038.834
-22199.377
-8287.711
-5108.7983
929.95294
-26257.197
-18856.295
-26556.768
-10627.019
-16053.398
-16483.031
-25960.32
-1552.1044
-18825.715
-16329.461
-6481.67
-19323.484
-9098.598
-25755.277
