-4.734151
-0.012734321
-14.188803
-2.385153
-1.055125
-0.020924572
-13.7796335
-2.130261
-3.4611921
-1.134294
-1.4663527
-2.4725266
-0.0036616216
-5.802752
0.042330775
-6.038753
-0.019419331
-4.9685
-2.721826
0.04599292
-8.138328
-2.6312351
0.020780291
-0.039574392
0.036460467
-12.989746
-0.041335694
-11.666839
-2.4229312
0.026342157
-4.5485477
0.050887544
-0.05828487
0.017600834
0.36382875
0.054487072
-0.2681272
-9.087587
-0.089532144
-7.9173107
-0.0030388618
-32.734573
-0.0020075063
-10.559575
-0.013375099
-8.669186
0.0053111105
-0.6154918
-1.523079
-2.46394
-0.0028306388
-5.2525663
-0.17812164
-0.3662537
-0.010844891
-6.99411
-1.7679921
-2.6982772
0.02653299
-14.611113
-1.7592152
-0.018690065
-43.03299
0.008277931
-10.168957
-0.0008838665
-0.026556673
-5.9324965
-0.015585466
0.19892257
0.0033065688
-9.033341
4.853545e-05
-2.106452
-1.3351631
0.012771134
0.8039832
-1.4514768
-0.39659834
-2.1605203
0.010200645
-9.366912
0.040189546
-12.944669
0.018678099
-11.092289
-0.011957807
-27.268347
-0.93110967
0.022339614
11.927828
-0.082723215
-0.9536155
-0.68584704
-1.669142
-0.0028996882
-27.04057
-0.8990875
-0.92354304
0.03619275
-8.303162
-0.05358506
0.04775338
-0.07302366
1.407043
0.024159707
-14.745642
-0.0061425087
-0.031857442
7.53496
-0.4220641
-0.027815873
0.018667215
0.00889528
0.0018530511
-1.8485422
-0.019997992
0.0007417128
-1.0041273
0.004480322
0.015549184
-9.140402
-2.4326258
0.010560703
-0.75700086
-2.552627
-3.1206794
-0.03570527
-3.529932
-0.22450429
0.01994855
-7.576805
-0.9430459
0.015103259
-0.052154977
0.04005218
-2.4232965
-0.031213019
-11.703798
-1.0782382
-2.6305747
-0.0074654655
-21.510357
0.0061614714
1.8135979
-0.72985005
0.0052070124
-1.8914769
-1.0020498
-0.0115092425
-34.562714
-2.1741748
-0.035546266
-2.4038641
-0.23943593
-0.0012842992
3.017461
-0.002317075
-0.9525648
-0.055160105
-12.824922
-2.5024848
-0.7841799
-2.709565
-2.5520236
-0.046455756
-42.129112
-0.7960065
-2.2975516
-0.025781393
-19.79496
-0.7383033
-2.0023837
-2.2682624
-0.098515324
0.40814373
-1.0807656
-0.31780526
-0.781879
-1.3434244
-1.5367584
-0.75930905
-0.9423159
-1.4226097
-0.12791888
-1.0085627
-0.03664966
-7.295621
-1.4775999
-0.3353686
0.11488402
-6.845804
-0.039328557
-0.02279388
-50.776997
-0.04314355
-2.5991073
-0.03519388
-9.529494
-0.010423239
-4.0911965
0.040350154
-3.7900796
-0.026065465
-4.673071
0.004360942
-4.902688
-0.100863956
-5.216419
0.044418763
-3.4548283
0.13039649
-4.074769
0.009823939
-3.750583
-0.23053168
-3.3134184
-3.3544087
-0.032327626
-3.8770537
-0.09486223
-3.3391967
-0.041143946
-3.3102932
-3.3852756
0.11806876
-3.7067904
-0.15412669
-3.0804114
-3.188319
-1.9694136
-0.100253284
-2.7469583
0.0134225665
-3.4403458
0.013466956
-3.0019581
-0.03637632
-3.1835752
-0.027996982
-3.0101185
-0.03327063
-4.7823725
-0.06794329
0.025026029
-3.0665617
-0.09147388
-3.0392196
-0.11947324
-3.2922165
-2.2573783
-0.10741752
-2.3105137
-0.01925711
-2.94157
-0.10708853
-3.4582384
-2.5169404
-0.04526702
-5.6423397
-1.2549547
0.008685971
-3.1145215
-0.060686268
-3.031206
-0.00027537465
-2.5330255
0.023214182
-6.079501
-0.05014041
-2.921689
-0.016441703
-2.799117
-2.8247986
0.15788628
-4.8072433
-0.069325216
-2.6106045
0.011228091
-3.228839
-0.04677407
-2.5962985
-0.04378588
-2.7018476
-0.028870817
-2.4770463
-1.4143411
0.15601836
-4.097063
-0.4298024
-0.84308463
-0.057239637
-1.889054
-0.3807678
-1.976792
0.022726268
-2.0156991
-0.11801242
-2.280826
0.21015105
-3.771375
0.086995445
-0.030327681
-2.7412224
-0.0043960405
-5.822832
-2.175985
-3.1963694
-0.36104292
-0.8288271
0.039755836
-2.0574312
-2.5016644
-2.7745547
-1.2018843
-0.07406801
-3.7404602
0.12490918
-3.2941535
-2.5201576
0.07748867
-4.229507
0.12356987
-3.4189117
-0.9765115
0.034722466
-4.185172
-2.1804698
0.19198631
-3.1134813
-1.7142702
-1.5890223
-0.042625494
-1.8914508
-2.285907
-0.115295544
-1.6596737
-0.12632146
-1.6982846
-2.320695
0.20253155
-2.966424
-2.0505025
-0.80623984
-1.9050729
-2.3254597
-1.5748463
-1.6006649
-0.09002434
-1.671638
-0.64389646
-0.0031682337
0.11959929
-2.5914161
-1.1022307
-0.9748736
-2.0508485
-2.4786284
-0.13180414
-1.6287131
-0.01186521
-2.8873687
-0.1887228
-2.165631
-1.4506958
-1.6538489
-1.4404185
-1.7964225
-1.7521652
-1.7540482
-1.248111
-1.8369936
-2.2445805
-2.0001452
-0.38686985
-0.64077365
-1.4587666
-1.0625012
-1.7535942
-1.4122157
-1.5309578
-0.74859697
0.12413892
-2.2226148
-1.0188817
-1.7056679
-1.4755621
-1.3665444
-1.19677
-1.3671938
0.22582538
-3.0439906
-0.97480065
-1.1305201
-0.5540225
-1.517718
-0.9248142
-1.3108823
-1.6632195
-0.0362459
-1.2067317
-0.103034966
-0.76545215
-0.5715261
-0.8511405
-0.8877599
-0.67108697
0.21755166
-2.3488681
-1.1417303
-1.1439074
-0.74936926
-0.5481278
-1.1066685
-0.56141615
-1.3247907
-0.7822323
-0.36779296
-0.7026461
-0.8179494
-0.65728647
-0.59827214
-0.90331966
-0.8651325
-0.84091663
-0.9733109
-0.85335517
-1.0404496
-0.39259878
-0.71877897
-0.6928397
-0.26890045
-0.038749248
-0.43588212
-0.533487
-0.6259528
-1.0494804
-0.595878
-0.61316097
-0.17270255
-0.45230234
-0.06443872
-0.6471653
-0.22519776
-0.50004286
-0.70440197
-0.38764393
-0.34386843
-0.62188214
-0.23553005
0.0434285
-0.46356732
-0.3714348
-0.8017649
-0.0049891877
-0.67662084
-0.1759051
-0.22418392
-0.45809543
-0.18836099
-0.48117995
-0.21239774
-0.2798092
-0.6494206
-0.34596384
-0.10102355
-0.28029925
-0.38281658
-0.26799354
-0.15568478
-0.4492815
-0.2178833
-0.20178011
-0.46670943
-0.17241852
-0.621914
-0.49822435
-0.35504484
-0.47125584
-0.28043103
-0.34657937
0.037788708
0.06777916
-0.4919013
-0.4443518
-0.2880927
-0.39622504
-0.33050022
-0.53297365
-0.17988926
-0.2302971
-0.41126937
-0.034529805
-0.4021937
-0.47519654
-0.34083974
-0.36556673
-0.3741437
-0.19774586
-0.1775988
-0.5011548
-0.47019884
-0.28849524
-0.4458108
-0.3503493
-0.2045396
-0.0296107
-0.5255008
-0.11695045
-0.14407516
-0.4580909
-0.2200302
-0.45814586
-0.61688936
-0.38858134
-0.30243587
-0.29881036
-0.24572767
-0.2869408
-0.1226312
-0.5893703
-0.48486653
-0.26852867
-0.16959766
-0.7584794
-0.18456621
-0.41226646
-0.15715636
-0.15885112
-0.3332077
-0.21587482
-0.430601
-0.38511485
-0.46372458
-0.10838993
-0.32433012
-0.15246402
-0.23839712
-0.20760515
-0.33514285
-0.45942873
-0.1189728
-0.28453824
-0.19546455
-0.2068494
-0.5296496
-0.18418469
-0.5269878
-0.4331647
-0.32964414
-0.43915388
-0.465756
-0.33745736
-0.25338614
-0.039101183
0.0053374404
-0.40441936
-0.1488253
-0.076999106
-0.5629739
-0.40134725
-0.41770926
-0.57956684
-0.2082867
-0.2674363
-0.25752994
-0.23720632
-0.057679866
-0.3558006
-0.3825563
-0.5299786
-0.40828803
-0.35006556
-0.44403306
-0.4049234
-0.2579364
-0.576352
-0.5980348
-0.40648732
-0.14321841
-0.26476088
-0.23697013
-0.22517556
-0.29988843
-0.35497826
-0.40096083
-0.36879668
-0.65125895
-0.21259278
-0.20554185
-0.28484318
-0.5655982
-0.34706658
-0.3220823
-0.23069835
-0.2924439
-0.60395575
-0.39656165
-0.3515133
-0.25829875
0.005700406
-0.47960684
-0.28524908
-0.35309106
-0.51273465
-0.2429671
-0.56790835
-0.42881688
0.08167825
-0.3069818
-0.4371831
-0.5217243
-0.42078698
-0.32471654
-0.47099403
-0.1530138
-0.3286371
-0.5503561
-0.40512714
-0.21612294
-0.5013098
-0.39596567
-0.48657194
-0.23684868
-0.31533045
-0.28756025
-0.36397937
-0.3185337
-0.46539107
-0.37050784
-0.50493497
-0.364814
-0.18772127
-0.4195786
-0.3974177
-0.5793798
-0.3358175
-0.4375847
-0.3346937
-0.6625397
-0.39423773
-0.33190474
-0.66004187
-0.22531466
-0.2969279
-0.5227437
-0.66979504
-0.71190196
-0.44058645
-0.49982402
-0.3293117
-0.32643414
-0.7367157
-0.35922292
-0.42176595
-1.0243194
-0.63420194
-0.34116074
-0.51165575
-0.3543305
-0.20943263
-0.096803665
-0.7048072
-0.4626554
-0.5662179
-0.43687525
-0.7930975
-0.66519785
-0.60367256
-0.75679165
-0.4915505
-0.603296
-0.4218848
-0.5649548
-0.67341065
-0.73713285
-0.49126118
-0.44329572
-0.44661725
-0.5004462
-0.27636433
-0.6430888
-0.5373715
-0.4529506
-0.42723733
-0.5523008
-0.57547426
-0.40929246
-0.36056095
-0.29584467
-0.4009539
-0.52738786
-0.24339895
-0.65173626
-0.6036925
-0.5230104
-0.711684
-0.2221243
-0.6153006
-0.65956235
-0.5179125
-0.8223684
-0.4892021
-1.0766783
-0.81181276
-0.86302745
-0.4662623
-0.50815135
-0.5217433
-0.6690231
-0.71725637
-0.7017216
-1.1360323
-0.5846642
-0.54009366
-0.846872
-0.7270076
-0.48171988
-0.7489839
-0.25153086
-0.720721
-0.4747262
-0.7571071
-0.47050714
-1.0388991
-0.35959142
-0.9171941
-0.7584443
-0.79873645
-0.4695046
-0.66514075
-0.635459
-0.70758945
-1.0014027
-0.7749083
-0.76319826
-0.7547542
-0.6901511
-0.6255996
-0.66159296
-0.7596059
-0.5892621
-0.76052636
-0.89193094
-0.6332869
-0.5584488
-0.6297292
-0.79311115
-0.7222428
-0.90133655
-0.8625616
-0.59121907
-0.31886214
-1.1554363
-0.7814201
-0.6860246
-0.81304
-0.80028754
-0.92063653
-0.6963781
-0.90975195
-0.51613736
-1.1250685
-0.71509135
-0.1818706
-0.8164481
-1.0903399
-0.7664643
-1.0889307
-0.7727311
-0.41600126
-0.8927366
-0.6516813
-0.70173776
-0.9142113
-0.7469169
-1.0694641
-0.8003958
-1.2694023
-0.8934711
-1.2506943
-0.91855055
-1.5179832
-0.7447454
-0.8149299
-0.48590896
-1.9521748
-0.82952434
-0.7417731
-0.9714228
-1.1277308
-0.90612805
-0.96915525
-1.075486
-1.1002502
-0.7864944
-0.5219926
-0.5210019
-0.8245547
-0.95563704
-0.78506064
-1.0585107
-1.1212146
-1.455989
-1.500202
-0.8057865
-0.59419906
-0.4204621
-0.7623383
-0.37741846
-0.62593746
-1.1030124
-0.38901764
-1.4538605
-1.4523998
-0.81464434
-0.7743654
-0.8616174
-0.9528682
-1.169261
-0.76553893
-0.9457807
-0.7941539
-1.4302827
-0.85948247
-0.5713648
-0.94610316
-1.3265463
-1.342666
-1.5283633
-1.7673882
-1.101817
-1.1447444
-1.4197428
-1.1569976
-0.9412697
-1.1190856
-1.2412463
-1.5162237
-0.601562
-0.96692026
-1.5385153
-1.4391932
-0.8362614
-1.5928485
-0.96583104
-1.4084551
-1.4528397
-1.5120816
-1.209481
-1.5484929
-1.5232536
-0.92509186
-1.3054003
-1.7647871
-0.7928536
-0.9572819
-1.3747723
-1.6648517
-1.9429477
-0.9968169
-0.2495738
-1.0865961
-2.2838147
-2.0919535
-0.80019635
-0.68736094
-1.1572912
-1.8379279
-1.3001727
-0.6782044
