-45.78807821000002
-27.11151863600001
-3.4874198000000023
-62.385973799999995
-74.23307811399995
-76.21016596999995
-11.882688400000001
-57.922049480300075
-42.98425505400002
-79.10052108000004
-84.50741797999999
-65.58454645300004
-90.15876056000009
-34.49787079999998
-99.3952570769999
-86.68177859999992
-116.4177962399999
-100.53721649999993
-70.10740213999993
-119.21235037999998
-39.968313
-88.47977440000008
-119.77325155
-159.17883500000002
-164.99051699999987
-16.955078000000004
-127.96246582900004
-13.242569800000007
-85.44124651
-129.20675309000012
-112.76221619999991
-137.34830894999976
-170.20852000000014
-168.360487
-166.81510700000007
-166.8712799999998
-168.64929400000003
-44.9976185
-137.1399756899999
-54.95437899999999
-84.7785876917
-0.9680326899999999
-73.97328904000001
-7.5158675599999984
-34.726664939999985
-11.078973979000006
-106.29116934999999
-34.0016410613
-66.97142695000005
-58.0264755
-63.90974128000001
-72.8238289
-92.52193909600008
-98.11560138000002
-81.99535114999998
-12.821998549999995
-57.46747791500003
-58.84301702999995
-53.11444663999999
-5.8304610000000014
-79.36141253999998
-103.20623050999998
-1.6751960000000001
-37.27820614699999
-8.021788449999997
-101.24493909999997
-70.6675684090001
-2.544785802599999
-77.90617689999993
15.447952729999956
-67.96994115459994
-5.163803183000003
-109.23197116800016
-24.711362418999972
-39.512728918
-107.74858798999999
57.24127651099993
-38.21664484093006
-45.29334144200005
-39.192996033999954
-54.283182449000016
-10.914307
-44.008650485099956
-1.09690089
-51.20258293238997
-3.8467636400000003
-71.98947445399999
-1.15574816
-41.63946023099992
-51.254827048
7.405712400000001
-39.386976855799986
-42.91887078999999
-43.77118845999994
-33.501706600000006
-59.706541199000014
-0.03677370000000002
-31.983888249000042
-42.7081634664
-53.34801154399995
-8.428282479999996
-25.765406488999954
-45.73641384429997
-45.637990119000015
-1.598494876000005
-46.176531715999936
-9.830485000000001
-46.67356997499994
-9.676739820000021
0.46530128000000026
-95.3946340700001
-68.47085383999996
61.99300605399993
-77.57175970000017
-88.72641479999994
-126.28097639999986
-87.79208419840008
-53.27751907300003
-59.64614807600002
-99.97963530000003
-4.411380253000005
-2.3037690418
-42.68311808590003
-46.59489230199999
-11.184558740000005
-43.685054104299965
-42.16967593099999
-65.23479996959995
-96.61664020000012
-38.51120321799995
-45.23275432130001
-20.801377099999996
-48.369806989000004
-86.97213635000004
-101.47754470000002
58.83014081200006
-11.142121331299993
-39.63203430800004
-7.252051100000003
-40.55104472499996
-57.97964497999998
-84.81476006800006
-1.29387282
-93.08756625100003
37.38894041800008
-51.07239278180001
-74.02082657999998
-45.03053499000002
-58.03694572600004
-52.90341147900006
-1.3507975
-39.773489409999996
-44.615053511000006
-4.005697869999985
-30.87928661999998
-63.35937507000002
3.6464378880000066
-33.45235449900001
-49.19162597000008
-52.45099173000003
-3.6117791900000005
-55.990618415999926
-38.518225779999995
-30.966030870999997
-33.84396138899999
-52.732159839999994
-1.0958318
-76.66278419980011
-37.8603032415
-72.09021991000003
-1.48692
-43.761530783000055
-46.996774300000034
-40.59690675799997
-42.0908559899999
20.821382386000014
-55.12942675000006
-51.79670391199995
-44.646999150000006
-43.163114199999995
-42.52185073699996
-49.83296948999997
-52.06455033599998
-45.425407515000025
-58.20213995360004
-42.45747307999997
-89.08876388399999
-20.4718273
-45.031155959999985
-50.04293354999999
-71.52861282000009
-7.6681887999999985
-52.04784451
-52.68812827619993
-1.0853466999999999
-30.31302219450004
-33.81421447399998
-46.62980238419993
-5.825215199999999
-48.06451578999994
-48.19184119999999
-62.384901830000054
-39.1513893
-48.38367280999998
-12.420680800000003
-53.941688409999955
-10.366697
-80.41652460499995
-7.3789427000000005
-56.679373040000016
-36.39113870000002
-50.83977696674003
-16.509803700000003
-54.43993162050005
-22.0917824
-48.753072732610065
-31.355701900000003
-42.195275349999974
-45.96267016000005
-30.985165299999988
-52.128969857
-28.819026200000014
-45.59967486000001
-36.28696480000001
-22.206157682999994
-53.01599373100003
-14.090539499999997
-52.986407750000076
-32.92474440000001
-37.956358639999976
-65.81559110000002
-50.67699395000001
-16.3380477
-55.19464862699996
-15.4301958
-50.695614039000006
-29.840365699999992
-56.48395370399996
-24.21282990000001
-45.515500849999945
-30.581633900000003
-54.52945890999999
-12.644846200000007
-67.77513897
-43.77206149999999
-36.15681750000001
-46.76838758000004
-36.67906369999996
-39.32759301420001
-15.443114899999989
-62.28850339
-49.13832239999999
-33.901152399999994
-44.65491559999994
-35.10478300000001
-50.90897656599995
-27.342827800000002
-44.500433190000045
-90.48529008800001
-19.92618740000001
-75.06267894000003
-43.028317639999976
-36.36784119999998
-57.360194619999994
-22.541482499999987
-105.333889489
-103.89073620000005
-58.727578523999945
-8.307221899999996
-41.98686006999998
-36.97392560000001
-45.12631345999998
-33.028883999999984
-48.401946960000004
-32.21109612199999
-15.939259299999998
-43.88352689000001
-38.81011349999999
-47.246284290000034
-34.06837029999999
-44.32177693899999
-34.09769769999999
-40.90334066000001
-34.05732520000001
-48.089190112999965
-28.319155700000014
-69.71266402999998
-31.93156973999999
-28.067472300000006
-68.93507249699996
-79.45062948800003
-57.039266919
-21.6378803
-78.25869829999999
-30.718974099999993
-44.66634654999996
-30.423146499999984
-45.03765763
-34.602256300000015
-36.95295605
-19.457984300000007
-70.556318475
-42.70939070500007
-26.72497110000001
-115.45160619700009
-49.805307700000036
-41.48465533800001
-33.059940297000004
-68.18574063
-83.80476394500005
-49.17442470900001
-27.323702900000004
-46.022303443000006
-47.94633902000001
-77.96242787599998
-105.16142739199995
-33.94110209999999
-58.86954846000003
-49.5649928
-39.67940314999998
-14.0825010963
-26.704403400000004
-60.46624673660007
-52.50190449999999
-68.46774657500002
-33.55187945499997
-36.35134509999996
-30.403242770000013
-67.09658168000003
-4.5904408
-66.20454458000006
-55.73520634100004
-66.83926281000004
-14.643735300000007
-37.95465722000001
-47.49354615999997
-35.542685000000006
-40.05081137599997
-36.358732800000006
-29.803121649999998
-24.282066911400005
-24.3036957
-32.88859837
-89.58130438000008
-31.478505753999997
-24.10632325000001
-52.12603149
-57.71607426000002
-45.31185434500001
-31.134932999999968
-70.966008476
-88.42053199999995
29.11721427399995
-8.042570299999994
-65.67619877500002
-62.084496338000015
-37.45818188999997
-23.142495563000008
-67.03550097100005
-23.16880210000002
-94.32648244400008
-24.536643499999975
-74.76265813399998
-9.031702399999995
-49.909664350000014
-51.30000987999995
-42.21129347999998
-24.568921389999996
-46.480122677000026
-33.092981833999985
-55.184552851
-33.24775389000001
-24.668221350000003
-29.77774045999999
-69.02964506700005
-67.34686225400013
-54.65292580799997
-56.654534453000004
-34.11710601
-34.97388467000002
-29.063990430610005
-58.528698160000026
-77.18216745800008
-16.70531635000001
-40.508288583
-30.108798131000015
-37.40586558799999
-52.55331096770001
-26.16635976400002
-37.13514534800001
-78.39253729000008
-5.74626968
-41.802698767999956
-45.381101470999994
-70.24624985000007
-27.586079560999966
-45.21138874900001
-28.00967088799999
-27.037953448000003
-69.39910192570001
-26.065488041000005
-59.04632064000003
-30.912200477
-49.01917941000003
-30.370926862999998
-22.050608647999997
-38.811992729999965
-70.17700151
-7.071533139999998
-26.987871359999993
-29.04988233900001
-21.053654892000004
-35.703202526000005
-25.240397510999998
-30.472805591000004
-22.34247333
-28.951698385000007
-38.158650243599986
-30.251946219999986
-26.545937059999993
-27.033996880000004
-33.82849649999997
-32.50367961099999
-25.476960285000008
-30.489473710000013
-28.16801320999999
-27.646927906999988
-23.057773884700005
-36.00290375399998
-23.586632600000012
-27.217530213000007
-31.394862135000007
-36.084822653
-32.080149122
-34.19383083400001
-29.09864112999999
-19.97803258
-30.299387679999988
-30.167861252
-47.275045959999986
-30.620210614999998
-44.083618047
-22.591657766999987
-31.673897431999993
-25.956780567999996
-27.909140758999992
-25.48681568
-31.743346804999987
-24.20737373999998
-41.010146295999995
-48.985477669999995
-27.672467376000007
-31.340281081999994
-24.618144156999996
-42.05381113899996
-24.778965353000014
-32.720117591000026
-29.961209636000014
-24.131958959000002
-48.464346127
-28.706698282000005
-30.444111639200038
-35.62050893900002
-22.30850526799999
-30.31606946359998
-39.01438626
-27.88320483200003
-32.37007517599998
-23.767045442000015
-31.236667454000013
-25.726572260000022
-31.562045204999983
-37.860223808000015
-28.124413622999985
-38.47776220499998
-24.622760442999997
-23.132270679999987
-28.434098928000008
-26.618881005000006
-33.250328418999985
-25.160337271
-41.520463663999955
-46.11860370099999
-23.87876225999998
-29.434313514199978
-31.51527548999998
-31.480072298000003
-25.918292799999993
-25.973622349999996
-32.708119103999984
-34.70018248100001
-28.708424807000007
-41.70299892
-27.930127294000027
-22.530657490200014
-31.626909060000013
-25.022269239000003
-41.59725231999996
-32.792545412999985
-28.460387895000014
-26.222069060000003
-31.616708807899993
-30.48584172500001
-24.570816792000006
-30.69646177400002
-24.972271207000006
-39.570646741000004
-26.758323834000016
-38.952810528000015
-38.74238742599997
-22.411261532000008
-28.446993589600005
-22.981003588000004
-24.05936448799999
-23.858816041000022
-29.80500295699999
-32.73782784700001
-31.776671399999998
-35.433078783999996
-30.16006973070001
-25.079970072000005
-25.274668352999974
-29.19903676999999
-30.98560536899999
-18.99566225899999
-32.715328652000004
-22.297126094000014
-37.71865735400001
-35.31970830450001
-30.430435435999982
-31.213839057999984
-26.951136863999995
-28.949638625999995
-25.261513980999986
-39.19366387409996
-29.029369557000003
-30.02264151000001
-33.42095644299998
-31.353877141900004
-27.908690599999986
-26.602598003999994
-33.252104886674005
-28.01003267899997
-28.725530482999993
-29.24038495700001
-31.008831788000023
-44.29870796199999
-29.724733636000003
-29.147097085999995
-31.336946072999975
-27.854409350000008
-27.820345512000003
-31.69297159999997
-35.1997990439
-36.17134589900003
-31.116586729000016
-24.810345379999994
-30.57999123800002
-35.61531363500004
-27.346251327000022
-24.237717631000006
-29.40582647900001
-28.417330577000005
-27.161700777999993
-34.38037402409999
-30.54761695000001
-30.265313093999993
-36.096384003000026
-23.154982330600014
-31.89940988699997
-29.560904092
-28.376549530000002
-30.588087382000012
-24.32163163600002
-26.907034970000005
-36.85936685
-26.860425469000003
-24.796635265000024
-25.9842414399
-29.100198019999993
-30.400554132000003
-31.051546505600022
-35.038451479999985
-31.201518236000005
-27.03543499699999
-24.511002454799996
-32.8990664812
-24.234511390000016
-30.147295303999993
-32.11509572799998
-32.838134985
-22.511192765000008
-27.106710116000013
-28.77814571699999
-41.08113971699998
-29.95690004600001
-28.232387253999974
-25.288599267999984
-26.684997587999995
-28.959938181000012
-36.54177817700001
-34.67587073
-29.323531720000013
-27.1361825728
-34.216788928799986
-39.221841909000005
-22.53039717000001
-27.961567953000007
-39.59911035699997
-27.25139135500001
-32.476101889999995
-27.442123919999993
-33.34106490099999
-26.763358120000017
-25.307913391999985
-30.228484179000002
-33.10963871499998
-30.75303448000002
-30.270916937999985
-36.70512666011003
-35.05235469999999
-29.7636640628
-26.74150932599999
-34.98635940699999
-26.20550167499999
-27.390138104
-35.08697773800005
-24.301668460999984
-27.591506270800007
-36.52231340999999
-35.52644492000001
-34.868445609000034
-26.852747265000016
-27.48839650200001
-29.038355191999997
-26.58107284299998
-30.391362511000036
-34.80279478090001
-30.147210919999996
-27.691999501
-30.696404652999973
-32.41686848200003
-28.667428416099984
-32.177731262900004
-25.91550311899998
-36.396356078999965
-23.818409972999994
-30.31514296000001
-35.17095124700003
-32.44148542599999
-28.695162336000003
-28.80172998199996
-28.59777935799999
-28.71409124600001
-27.790112414399985
-24.187639296999993
-26.233577299000007
-30.57809791499998
-28.92793724499999
-29.511482421999997
-27.818893168000002
-32.137940011000005
-27.889968310999986
-30.088211388999984
-28.631461227
-31.243404048000023
-26.654704109999994
-27.210366340000004
-26.187224103000013
-25.77429355500001
-29.331407122999995
-34.36447630571999
-31.70737802099999
-27.395676010999978
-28.920402109999984
-21.237953205999997
-26.855110490000005
-28.830670507000008
-26.904978798999988
-33.916936985999975
-42.07300293399998
-28.73346800700001
-28.79954076149998
-30.49724797399998
-28.45329734000001
-28.766872015
-31.66839111100001
-30.923259715000015
-29.6718747136
-39.732266863400014
-32.964717975
-27.884109292000005
-28.668063464399985
-33.554535530999985
-33.101057452999974
-27.719478752999976
-24.28999598600002
-36.451761221999995
-29.32426937799998
-24.869592117000003
-29.567744553999994
-27.16614037700001
-30.12592683799999
-26.234017703000013
-34.41247552000001
-36.277277836999986
-35.27584313300003
-32.220673550000015
-27.616112785999988
-34.478818693999976
-23.130129511000003
-26.89376180699999
-26.57030678200001
-35.69350137600001
-35.98930894899998
-23.37446804100001
-34.151843056
-33.96634394899996
-25.178234320999998
-31.180536206000006
-29.108315310999995
-28.43278026900002
-28.442712585000006
-36.06825575480001
-26.246021817999992
-30.473447671000002
-26.431230495999987
-28.782838173999988
-30.546698648000007
-32.938184311000015
-27.6716268741
-32.990885484000025
-32.864037368
-28.56655979899999
-36.674717737000016
-29.43102806499998
-23.683461345999994
-39.070216295999984
-23.190397462
-29.019053222999997
-31.13217996699999
-30.743970604700017
-29.388829777000016
-29.427065345000003
-27.36414309599999
-29.52054318300001
-27.215319832299997
-28.579366218
-33.02561212600003
-27.5114317397
-25.880854901000014
-30.639312572999973
-31.160794104000004
-26.810187267999986
-33.24061324300001
-26.935379039999997
-29.08041574
-30.11317155699997
-29.117795897
-32.82608252899999
-29.39739857400002
-31.090950285
-29.378316373
-29.49479876599999
-33.881408167000004
-31.00059804699998
-27.929739070000014
-28.7741854551
-27.989318680999993
-28.68498553000001
-22.8000982451
-30.367097335999993
-30.558368129000023
-28.338048063799988
-29.483300345000032
-26.883806520100002
-36.651784548980004
-28.95621382700002
-29.868940084000016
-27.728964342000022
-28.8361527724
-30.498336718200054
-28.603776507999992
-26.793533451000023
-31.763818862
-34.627335015
-23.930798910700002
-28.23628356100001
-29.081401270000008
-30.31618909399998
-35.37896279779996
-28.282436237999992
-29.0400682048
-32.60306448499998
-36.40779244950001
-34.039358047000015
-37.01337315099999
-35.41770206180003
-36.30151497527999
-30.28548139600002
-34.42437519500004
-33.1435112544
-29.110741073599993
-26.47642320800001
-26.077757701100015
-25.869810495900015
-27.475460659999996
-32.68171711900003
-26.287977734000016
-32.38913494700001
-28.872961007799997
-30.032781527000004
-41.04757251999999
-27.31191155700001
-24.644811245399985
-29.59689501599999
-38.76001294979996
-23.673561567899995
-27.671981176999992
-26.970252641399973
-32.80175662600005
-35.26469382250002
-34.56677828259999
-29.826077785999992
-32.00450423600001
-26.200442465400005
-29.679242052399992
-27.423234278999995
-28.24254378200001
-29.862762945000004
-22.742615479800016
-31.972625717000003
-35.790020749000014
-28.583028973999994
-27.833089004600012
-33.20215823779995
-25.687660830999995
-26.46035708600001
-28.927097803599988
-39.404188257
-30.370484285
-30.350478437900016
-28.94262944740001
-27.20869520069998
-29.036138697
-28.033197292900002
-34.972809172800005
-29.286541478000004
-27.00498304
-31.418024183399982
-24.173553685699993
-26.539749532000005
-37.67073436260003
-26.60980621299999
-26.423581621999993
-25.637845129000016
-21.12849587309999
-32.873750533999996
-34.03391120990003
-22.076352376800006
-35.75994624799997
-32.30758384769998
-28.831023460349986
-28.116207185000004
-29.441952168000014
-26.651504746000004
-35.463691252000004
-28.239171202999994
-27.938731359999995
-28.831876500699977
-22.757980137800004
