-430.9844930000006
-2186.1594200000004
677.4334740000022
-1693.203703299998
-2222.79262
1640.3050615900017
-2094.9598499999993
-1554.0879189999996
533.6022626399972
697.7721399000003
-543.4513494700002
-1642.6203665
647.7160189999989
-699.7252221000012
-208.73202309999974
-691.972651560001
-495.1464328600011
-1276.0330855660004
-412.59197250000005
-574.5947325400011
-435.6283957599999
-2520.7317000000007
-2598.895879999998
2021.920965199992
-140.03586130000014
-159.0653124000007
-2469.440599999997
-2006.6653400000007
-1775.6949409999982
-931.8976667000006
4402.881685229997
-1037.8151857499995
-208.1983226100002
-1601.282881000001
1194.1263425000009
-2425.7348199999997
914.4842222199998
-370.58884309999905
541.5739928
-417.20497499999976
-1431.5574829999982
-580.9529412999999
-29.342005300000277
604.6233883000012
-586.9784297999998
-1738.4463800000008
1285.3237284999989
-517.5150997900004
-1414.5055362340006
265.03973069900076
-348.17795959999944
-215.88385724800006
-1669.6349100110997
-2119.9450899999983
1161.4990350790024
-1624.6925731900021
1297.857845360001
-2065.3156670000026
767.1873385099989
-2045.1110499999995
517.5710340400003
-97.798506160003
-2057.807826000001
-1296.4580003600017
1826.1980349000007
-1235.8640966400014
655.2986953100014
-2253.193079999999
613.7526314400052
-187.0524087999993
-525.2465562559998
-2039.4428629999984
-1025.5361772000017
1079.0166882660003
-469.53720999999825
-1369.7251343000012
203.1173100000012
-1839.0497317000008
-1848.6561289999986
-1411.5718020000002
-2415.4586199999976
-2522.7039499999983
-1846.3669720000028
4805.513200000001
-717.48851111
-665.0925916000002
-72.46199105000011
-520.3564705999986
-1526.3738230000024
-22.44640270000291
-1070.7076449999986
-1646.5949700000006
301.81981945999985
-373.17051265000015
-2071.9709620000012
831.185009999997
-1783.8173744000017
145.4627351099995
-115.1632063800005
-1664.1461539999996
324.5056800000013
-559.2376822600016
-1717.1982393599992
-1084.1361660000014
706.0525809999981
-1173.1644169000006
-206.64981850000007
-423.91294869999933
-105.3916596900003
-594.0217214180007
-152.63009415769972
-346.10195920000086
-1755.4304000000006
-555.8442248299989
1265.7515855000013
-1378.0112807999978
-49.861074800000345
-153.8637909800002
-1585.1728360000004
-2.043674940000473
738.8393444489996
-354.4583041399993
-414.97405573999987
-74.43261593999928
-482.47632620000013
-1338.6790806799995
394.4876680099994
-1553.8438350000013
572.2852105600015
-257.6968404999993
-1079.2266935190007
-270.58937990000095
-549.7219026000005
-1252.0888172899986
646.6339984499989
-365.18111679999976
-81.74641524300019
-1115.4056782999983
209.99441273999932
-50.623286999999095
-344.6112137000009
-775.9618949999998
-498.1127632659994
-72.24845567799991
-209.52049416000034
-1018.0549206329993
-154.4589369830005
-628.8709352000005
-21.579262120000564
-1430.9128974650002
187.23676200000202
-485.1301182069999
-843.2769844
372.6609307699998
-2273.8915350000016
-2661.384369999998
-2856.8192799999997
-2754.0066399999987
-2557.958329999999
-2672.293019999997
-2672.095949999996
11319.571639852013
-1010.1465462000004
-317.623584000001
-280.7405522200005
-8.99197038999958
-1231.7616234
-32.21368418000008
-1744.1183999999996
914.5709117530007
-249.49765399999959
-295.0113078099994
-1118.9725352039993
-376.40119460000045
-1181.5898736199983
100.77113050000014
-1129.3971850000005
171.93846481999918
-677.2637819899996
76.37190876999907
-1295.2993040000001
181.4219680000005
-103.76690592999998
-295.94311953000016
-441.2724752499997
-143.9725149999986
-1103.8266152899987
-550.7564566000003
-284.8442111000016
-538.3984954689998
-130.19992097999972
-207.29657086999993
-183.54265099999924
19.28675
-566.4189679099999
161.1982651159994
-50.8802762999993
-1715.1966219999972
-1634.228563000001
1248.3191113719968
19.839688699999165
-268.5578684500004
-1303.0917813900005
-2048.653400000002
-606.8208455000004
2405.1339302700017
-1773.7087524999986
-322.65283916999937
-1809.7708049999987
888.066515900001
-1859.967700000002
-805.3474961899997
2189.39959679
-2290.7940400000007
-1609.4767510000001
2328.6495749117007
-2113.469079999996
709.8832729999981
-0.5524915879999833
-961.0955319999991
595.7936575
-1990.644487939998
523.2343750000007
-1156.27241406
-923.0912349999996
-887.7352000000004
748.0481881999987
-1322.8798930000003
457.0580884399998
-865.4343659999992
-261.22355594000004
-114.6972305000002
-1310.3721600000022
-437.6923765999995
-956.461141839998
-353.8023756100005
983.4845984899991
640.2916600000007
-814.9872582419993
-355.6554118600003
590.7291162999992
-571.2712902000002
-1335.432262100001
165.72321659999918
-1496.9861435000016
-360.63572589999956
-332.3245273100001
-2048.86291
-646.1646892199999
1372.7391982180009
-406.242753685
-824.1771337900007
717.9678515100004
-2137.547250000002
1567.2276460000012
-705.8467544999992
-158.0957362100005
-274.0122823400012
-1796.1390259999994
-69.48756607999914
-946.4502012320003
1230.3194431399997
-932.0093315
-71.08259180000067
-685.825222341
-312.98554937999944
-257.35006990000056
-641.3637378489997
-552.6726422919995
258.5959909000004
-757.461321521
93.23288499999933
-627.1322745999998
267.22454051000005
-387.149019530001
-1672.8631100000002
641.8717450999999
-1950.1976900000013
502.2087414300005
-582.796384099999
-1802.2743099999989
-1828.9067799999973
1971.9392415900015
-1600.0716894599984
-43.51684500000135
-408.73032400000005
-744.8683962999996
-744.2002747779999
995.4003836699989
35.01707666300012
-375.32604719999944
-1936.6432599999982
1011.1979051899991
-2097.804010000002
-27.313569499998266
-1940.869219999999
-1801.2289300000014
2005.3192082699993
-271.4333438299995
-1068.8530350000005
630.7205171799991
-1907.9150223999986
631.6144143400007
-471.3545049999994
-1651.3925250000004
967.0802766
-1871.3114000000005
463.3804304600004
-280.5895247099996
-1387.1208837999989
254.93814984999904
-785.1376429999998
-168.76404448999952
-1783.0930300000027
-20.539477599999795
-1770.150459999997
661.1947717299983
-485.99611379999993
57.91401421999992
-1044.7464387000014
-104.7408611700009
-136.87340038999977
-1310.231622379999
-422.57101138999985
49.0561362419995
-20.31014354000042
-1850.4474779999998
-1300.759893
1908.8323560200013
-1673.3761698
-1795.3299499999973
1060.0479856999991
-1722.3895700000035
645.9084528999983
-653.2907472000002
69.20706561999972
-457.8860124200004
-771.3212451399988
-1089.2726927199992
696.7759957000018
-1849.8742199999997
478.9658610000004
-1745.095013999999
1373.9843218199987
-1799.2995827000007
47.142930259998586
49.68236958000051
-141.5545676999994
-1758.8640800000014
351.3800035299998
-680.8558671999996
-1132.892787000001
-658.9848222499996
-1847.6778399999992
1456.3769285000035
-423.9877856999994
-319.57339716000024
-1888.7413899999979
814.5257804999999
-209.77176633999983
-566.4095526999994
-1810.9532400000005
-79.01528060000057
7.435487820001235
-641.1913393000005
-585.4431971000008
-437.6186931999999
-1842.0993699999988
-1264.5709590000022
1223.070341189998
-1387.9699690000025
429.7315488999979
-78.11738140000043
-219.30814618999975
-96.39958980999934
-540.8970835699997
-1323.7214581000012
87.0118177000007
4.029695827000152
-2091.111780000001
731.2548477700017
-678.09879148
-412.68462999999986
-1080.4382393499998
-2207.0543800000005
496.51415330000077
-9.21173099999977
-1032.08714102
-675.8390161399992
-1270.5456850000028
130.39283119999737
-66.5938338500001
-1943.4184200000009
656.9092052999998
-686.3400117000014
109.23140537099951
-918.3630127800002
-1389.7195270000018
244.51103957000066
39.63241290000022
-1821.5225999999996
1050.9981511200015
-529.0727170000001
-420.22306539999937
-88.8330218
-1940.4119059999973
-1316.0690520000003
801.6929677400001
-827.7006639999992
124.37760988000136
-253.65364297999824
-868.3269338000001
20.67580180000024
-1540.6375615999975
47.89844349999922
-1561.0167400000003
817.3797097099997
-2040.7357399999985
533.9075056899981
-1662.5062000000007
1178.0790573500017
-785.0632867099993
-1982.8896399999985
668.223858309
-224.82500300000078
-1460.0262889000003
252.94341504999974
-776.2954199100001
340.8901276639994
-1643.623997000001
310.6553352999996
-1760.454620000001
663.8508290000009
-1411.9886838199998
-8.17918421999985
-1528.0873480000016
384.71493008000056
1339.4654804600004
-392.33681815000017
-294.49785915999996
-2025.0994000000007
624.6134284999995
-1369.0483430000006
-259.6839377000002
-1866.0840599999988
723.0383014199969
-1715.2376500000012
403.0648786000001
104.73034244000004
120.39075694699976
-120.16449528000045
-223.60893100000249
-1891.2361387699993
280.37553876999874
-1445.8841329999987
1411.0276110770005
-601.345534400002
-478.2476835899986
-1518.026341070001
336.067030935
171.91907280000106
-1800.6441499999983
822.5151347699999
-1516.2072669999986
1122.0541814499998
-1714.5348200000012
-992.7384159799999
390.76227570000043
-419.9630356999999
-506.7518898700004
-38.200837699999155
-843.6480104849995
-160.02014050000054
-616.9854089999982
-101.29547788000062
-1915.9691831400003
537.8846880000011
-528.1054870600007
-572.1662160000008
-1162.2739692000002
193.9720591600001
-1154.5756386000012
-279.00161510000106
-128.25384510000058
705.167439199999
-523.2987441
-1614.7801199999997
930.1641606499992
-1630.772329000002
947.4322636200006
-1461.0185056300008
495.3432965129995
-275.7024350000015
-1221.1752313999987
347.18324340000095
-1888.8312800000012
356.00477759999916
-2303.9758999999995
1161.8152246099985
-423.28568539999833
-2360.130870000002
517.2117005900019
-1981.7691199999972
1551.8103192460003
-716.0298550000017
-486.4772324600006
-2039.7671800000014
1807.244920769999
-2033.3079549100007
1360.13900958
-1979.0626304000007
541.3937472
-779.6207999000006
-494.4446068299994
1102.2573690800007
-1954.882636559999
330.30117000000376
-1655.2689850000024
435.9013585000005
-1033.3330110099994
-1443.2114785008014
1408.4028350819997
-1810.1573300000016
-2025.0440999999994
2047.0148710999972
-1711.7279572499997
445.6302025000008
-720.9647989999979
-80.82196680000088
-1199.3494316000015
-82.39034499999933
-432.99286799999845
-591.2307537600005
-300.08122579999997
-2215.0554599999978
841.5770332999971
-316.21523353999976
-2376.5127399999997
1643.7085342000003
-140.8398442
-681.2214900399988
-947.0218467100002
-681.2904086999998
-305.4555815000011
-1927.0981600000005
453.0081372400009
-1761.1903199999997
916.6433362910002
384.1374943999998
-1645.6733562200006
166.94143489999962
-2281.9516900000017
642.8095432000009
-1518.104112800002
348.54697129999977
-2284.0391999999974
-2219.9789999999985
2254.4687480000016
-1446.9359344800012
-358.66626039999994
-2431.2347099999997
-2235.6633599999996
2047.6893848999987
-2421.4967200000046
2143.6216055199966
-781.6300864810004
752.0152250800002
-2108.8002300000003
903.5354509500008
-1345.5639761999998
-53.08000309999791
-484.2948705999998
-344.2416891299987
-1902.123650000002
535.1703676399985
-2166.5085900000004
-2283.525889999999
-2440.1768300000017
-2334.540950000001
4800.06538
-1271.2183041
-2015.09342
1349.1056301000006
-871.0724034739993
-819.7396167799992
170.4394966200009
-1468.8918859999994
603.8467613410004
-507.7539155000006
14.915697199999972
-621.7590948999998
-546.3876966000015
-914.3513044200013
227.21434984000084
65.69762205399985
-917.1160134
-255.44034622999988
-648.9877905000002
-369.63236500000016
-1753.4212768399993
-30.805303500000324
-254.20246254000065
-558.2382678000006
-413.29419209999946
-375.8760674999998
-2143.7738599999993
536.0922470000005
-46.86478578000016
920.4662037400007
-748.7799793580002
-417.85713
-603.7906542320003
-153.09784979999924
-47.53201430999978
-707.1675470999996
-626.0091700500005
-376.8931300999992
-1843.263659999998
1366.997072070001
-1742.8192800000004
498.34852562000054
-457.99772889999986
-576.2233732900004
-1715.9973300000004
1582.6735293000015
-1847.865650000002
-25.095341000001145
111.97383600000018
-547.1009819999996
-311.29825419199943
-734.6771674999999
-569.8440552000008
-77.5093710000035
-401.2575170300001
-1130.9817663599997
665.7584759500005
-1784.7671799999973
388.0018744199992
-450.3458200000021
-740.5964354100003
66.48893206999954
-241.99507199999968
-1682.9292073000013
-78.0498469999988
-1710.0220700000016
350.9211986000001
-403.3991427300015
-1793.7033900000015
526.8993406299991
50.9572971800011
-1697.1981939999998
592.0797763499991
77.3785377700002
-810.5000957699996
-477.4393772999999
-20.508027999997278
-778.2900730800004
-90.7170419999997
-897.8883114999994
-1022.5769239000001
503.43799160000003
-1429.9850938999998
299.8240515999995
-451.16669776999953
-456.47069694000146
-1762.1492000000003
575.5683886000006
-516.7497821499994
-365.8487942999998
-545.0247635999997
-328.4490152700005
-464.80190370000014
-1739.6160089999976
-78.77647425999909
-1697.6855399999988
798.5407975700018
-506.9047721600001
-1808.8410399999998
305.36058571000115
-199.384957186
-525.7865034999994
94.11105779999987
-401.3138517499996
-768.4897954100003
-193.36443412999932
57.9503300330005
-1327.067128279999
659.8541060000005
-48.18938213999941
-478.5891777300012
-1690.431120999999
-45.236424300001325
-69.07391899999799
-395.2015764500004
-772.7872040000003
-1110.1384148299994
405.3664021999997
-597.7436479999999
-535.58937307
-331.9599207999971
166.2595191299996
-414.11535770000063
-387.27770815000025
-1687.720540999998
808.6467996100009
-1840.0732969999983
797.3877463000005
-25.69730180000005
-685.56497269
-362.6510222000004
139.45082235000115
-1739.6246499999997
179.18967606300015
26.048594590001375
-727.6007799999982
-1314.738283659999
-1765.6847150000021
1201.9461076749992
-169.86194985999893
-1670.1794629999995
182.8383319999989
-1826.5624099999989
1092.507683109999
-554.8737039999988
-1472.0636183300012
694.2876864300014
-374.50074880000057
-222.87156870000138
-1203.6905082499989
5.885432000002052
-1323.7148948600006
-433.0616966999996
621.3446524760003
-1702.332600000004
842.3420369600013
-1591.9465063499997
-70.18964360000065
-315.8583720299999
-214.44649150000023
-489.4810600000021
-334.49153859999905
-856.6247350099997
-1733.434140000002
546.5942726999992
335.38896556999975
-1625.5835251999986
837.2501933339985
-1819.6334099999985
1125.1865709000017
-8.825909389999847
-677.6413759999982
-1322.4975180399986
475.87642196000087
-256.7986016399994
-633.3639380000001
-1372.481185049999
-128.57667990900106
-223.31954930000086
-364.48831608600005
-345.79771105999924
-355.61607768999943
-536.9826764700009
-364.2703549699999
-710.0366200000005
-1078.0055587
-30.45118100000154
-1350.0636249999998
-64.4011666999997
-193.75370290000066
103.66808090000002
-277.66285756000093
-1324.8430221000006
-71.12520260999938
-226.44066800000067
-747.572327900001
-1021.2948794000005
152.8468361000005
-455.0217661999993
-1770.3460900000005
920.3027557300012
-1735.0653000000004
-32.8239298000021
-1773.6985400000003
650.085806799997
-719.5051409899991
-185.84741969999988
-334.9227667900007
-958.6083746999996
-281.1256878000005
-129.03175809999993
-512.1452934999999
-1802.1145399999991
490.8101887259981
-21.530541199999444
-797.4761535000001
-149.43040493000026
-532.2954000000002
-1200.2349068000012
204.2686838000001
-376.51822625000085
-1053.5088829000006
230.97937995999976
-214.94142365999943
-945.4975740300004
-147.26630809999955
-1866.0534400000001
333.10655659999935
438.4610287999995
-771.0664285700005
-335.7121300800003
-438.261987
-1155.67025896
-124.71221289999917
-523.7963355799999
-317.5168163900009
619.3189157900009
-1526.5436787100011
662.5446780700005
-358.7993440000004
-1851.333470000001
1072.3924433299987
-1186.2574255800014
541.2990209599994
-1643.7620017000002
102.28850550000028
-627.8985996700004
-689.4743047500003
-20.19934080000071
-443.12799139999987
-1846.1821400000015
918.9278580469999
-657.6098980000012
-1309.177758500002
-318.397869099999
-313.02590280000055
-1759.9439399999994
435.41065460999994
-67.31401740000051
-577.4053269999968
-1328.4641523999985
-121.38796069999938
-171.68726849000072
-450.23256720039996
-732.8346769999982
-993.1470341900009
-253.6940978999993
-140.48264739999956
-647.5471971
-388.35377790000007
-219.9472199999969
-616.3088520999997
-232.59555670999973
-385.2981674000005
-485.75246949999996
-466.1824399999995
-1454.9613670999993
-112.05218229999866
-24.182576100000517
-1682.1492199999998
-124.98309659999717
-201.71394529999978
-575.6107061199998
21.78954439999927
-1662.1141670000022
-946.7749508919994
209.9031546999984
-1076.5194018999994
-122.83658970999974
-60.52251682999995
-650.9089109999993
-403.00462540000063
30.32353063000035
-648.1886167899988
-506.26352330000066
-157.63541850000013
-578.6678345200002
-247.8153013999989
-679.0888730000007
-545.3319667999989
-1101.7097128099997
-96.04739802000016
-1808.47506
406.6006347300021
-359.8627760000006
-1795.7535399999979
242.60526100000155
2.753126299999945
-805.4304899999983
-19.11389950800016
-733.7825958000003
-1167.0688888999998
219.79822513999991
-446.7008486999986
-1741.035969999997
197.66892170000037
-728.3499378600008
-254.2887335899999
288.6246349000008
-838.4811626239997
12.555769000000335
-695.0502180499991
-254.03370212
-343.08995999999985
-543.5959324500001
-550.8467760000019
-1255.5198667100003
-238.1782933389992
259.4831539100009
-1225.777954369999
114.54513398999862
-1780.1285200000007
160.45514010000036
-18.008171747001537
-647.2554330000008
-1361.3917207000015
-280.59110659999976
-224.06017450000112
-617.5218869999989
-140.80993069999957
208.61341535000034
-337.8418216000024
-1687.8459149999994
-44.23604390000003
-51.31296179999832
-434.0293069999987
-550.5881086199995
-280.2321219620001
-1030.65032075
102.97593190000121
-1642.571435999999
-143.64256420000092
27.959919100000345
-1782.42906
458.72914389999937
-993.8559325999998
-224.22293590000083
-1804.228160000002
453.3697514559975
-58.866025000002175
-1595.8290566999988
325.50146879000044
-1830.4759700000009
27.92177390000225
-277.2061516000002
-162.6802941999994
-500.17072969000026
-205.00081252000078
-591.6353510000012
-1582.6134966000004
-89.54141140000044
-130.51237036999999
-238.59422879999872
-1847.29598
69.64841890000187
26.395553679999928
-410.93545445000007
-1764.10011
40.37549685000143
-159.8118787999996
-449.2317546740004
-227.536723399999
-403.9168783000002
-806.1837685699995
-271.38851449999987
-364.6766399999983
-1438.5166414800008
83.34985503000013
-449.5267099999986
-1365.402084700001
13.548568499999197
-710.7187699999965
-944.2129110000005
-115.49563829999992
-640.6786199999991
-1032.60644395
-128.84438690000005
-271.3442924300006
-300.4223093000001
-477.3370750000007
-424.1972681100012
-397.18392569999975
-1516.2508631462697
-72.40233980000086
-385.3381293000003
-173.63765580000018
-770.6112850000028
-65.93424167999926
-729.1237343999994
-91.09776010000203
-907.0452219999974
-1037.5870921839994
-358.9395075399981
-29.442362939999896
-663.2305490000003
-55.00949126000005
-728.4202852999997
-139.60563100000127
-1559.0336351999981
192.5546763000003
-429.02228120000086
-417.60956399999975
-437.8940129999996
-1448.2847886999994
72.4321516300005
-630.6014221100006
-551.6757379999997
124.11659679999987
-981.4568743000005
-18.736112189999588
-696.8589596999999
-231.58296890000025
-1792.633750000001
331.32803813000044
-298.9681947300012
-286.92339309999954
-1873.8426400000014
1125.0612640000008
-1674.6498449999985
296.19537260000004
-404.9156900000013
-734.5164010999978
-1164.3879943
644.9935179500002
-248.71508267999994
-1351.3766307999977
636.989931000001
-243.4758759000009
-500.88732482000046
-1129.3310639699998
-156.4525570599998
-221.15927229999951
-305.74269
-1476.3251317800007
105.19623497999936
-367.87231095999994
-339.35958599999935
-1653.9204921999992
-164.97268411000033
-24.34942450000078
-313.89851269999997
-433.3547705000019
-440.27939279000014
-1792.5400800000004
796.9708526299997
-524.5983917999986
-1708.2116739999976
51.317944200001804
-401.30656199999873
-1131.0212850000003
-2.3041146999998117
-401.56458430000015
-477.97736839999993
-280.9673907600002
-467.9997669700002
-1808.5195999999999
392.0238779000001
-285.07545499999907
-1667.4211207099988
-30.706078210000243
-159.62732000000176
109.6442334999998
-1705.9168196999988
43.12697468900095
-286.50852276000046
-291.9036080000002
-507.7483316000006
-582.2544605000004
-94.53250180000035
-1766.549420000002
302.70934220000026
-1791.0631000000008
115.12149960000038
-275.5486120000002
159.50563727999983
-489.38484999999747
-1327.8480422000014
-118.6409403000001
-126.57231459999821
-809.6764031599998
-62.47499700000073
-884.8190002999993
-953.2050492000002
147.24672689000022
-1708.9691099999989
735.0010918
-342.09490079999955
-500.33737799999864
-375.1834741699998
-1875.5312699999981
-578.5535779500011
991.7703874100022
-552.0568155700001
-409.88896999999855
-317.36509320000033
-1681.8095640000013
825.2133267999991
-1764.0000400000004
-9.575438740001893
-101.46505542900012
-308.56044347000034
-605.6400654000006
-291.1990400000002
-1864.0122199999983
165.88904795999895
-34.69124087999995
-755.2473230499992
-587.3061493999993
530.2992664420001
-1765.0967340000018
-80.8392241999997
-293.90194390000045
-444.72919988999934
-191.6361137999999
-410.6367683999994
-520.0486419899993
-409.66592290000017
-258.5563105
-448.07942999999983
-322.73077534000066
-649.7077900000022
-1424.7368559899985
739.591582520001
-1780.8605799999987
192.25337576999962
376.73016080000014
-777.1284650899995
-212.76213659999982
-1822.8938099999991
219.19452203000134
25.645057430000094
-1774.4947089999991
0.8928240999993509
25.33944450000037
-589.5125100000007
-1397.126724049999
263.9545595099993
-240.01748269999933
-181.6277362799998
-391.6139322000004
-533.7700568699986
-343.5206915000009
-424.80111139999934
-458.33768370000047
-723.9400409999995
-39.20739227000091
-766.0525768400007
-51.43019489999912
-437.72883420000016
-1660.7572679999996
-163.93760170000044
-439.60187650000023
19.562039900000162
-354.6448212199999
-469.3613873999995
-474.2965148019994
-265.88917130000135
-1798.6058529999993
142.7780183999997
-199.61643000000018
-398.86349290000004
-1786.5472200000029
214.37921513999987
-372.65967589999985
-139.08237680000047
-1789.2148700000007
77.77155493380187
-44.09912159999954
-1823.3965099999984
982.633473999998
-1572.9279159
37.263474300000226
-559.520190000003
-1184.909251839999
-150.39802131000107
-63.67832400000047
-1686.1501884999996
-38.329897099999755
452.7639604999995
-587.2420999999993
-1418.9764394000017
-307.6445183699991
-256.6244193000001
-75.87139590000103
-402.02767067999974
-382.1673521000007
-593.5169218090012
-910.2852509400003
-136.4109440999998
-159.35692610000012
-492.33513139000075
-631.6864396999999
-667.7969821
53.38367900000013
-858.6094595000001
-1022.6609949000003
60.29669110000088
-290.28588439000157
-786.094619999999
-1233.3773112999993
41.34029075399952
-756.0720800000004
-325.0470145200006
-1303.4208541999992
-173.65298130000042
-344.7846262000004
-113.25947739999988
-535.5185577899999
-1831.3229899999985
232.6217894000011
-135.42102180000072
-732.1062849999981
-1090.2423722100007
-245.01407219999936
-241.5649595999999
-218.488797999999
-1576.4120879879993
-19.465897650000556
-308.8974659600011
-780.6168751999999
-304.9216354000001
-634.0128800000007
-184.07951689999973
-1702.1006160000006
116.93853609999962
-399.93672999999836
-174.40164092999981
-1706.5361239999986
77.9950834700004
-1985.5540780000003
859.2334583000007
-546.9979710000005
-262.5906740999997
-560.55802806
-320.61282580999983
-456.6786253100002
-76.36005049999974
-1751.7966800000004
37.27664749999803
70.60232749000052
-1207.3607412999997
563.6978100100001
-755.9023180000021
-1187.9707508100014
-218.88778769000004
467.61003731
-409.3433072999999
-1631.6113929999992
-90.76689050000127
385.32780144000014
-1620.4190872599995
655.0184118499992
-532.4954850000005
-368.2724864000015
-564.3883585900004
-589.3986450000001
-588.3463080700003
-955.6974606700003
-117.94420510000057
-184.33761679999986
-620.8276299999991
-265.66748130000195
-1547.4296192150002
-120.06858600000018
-141.51790679999928
-514.2296252400002
-145.2020595800007
-1656.956485000001
-37.69483370000043
-340.2889163999999
-445.23527799999795
-1284.65654846
86.58546719999912
-381.44984300000044
-1455.266298599999
101.86844019999924
-1765.6314099999995
678.212684420002
-457.90285459999984
-1312.6124824999986
225.31119640000165
-415.46577120000063
-794.8491420000018
-181.43100273000007
-338.057941
-397.797448809998
-443.6019533500008
-569.599026959999
-627.6109722900002
-162.6275103000006
-378.3402685000021
-1706.5664060000004
178.3806925800011
-1760.2471099999984
939.7559371700008
-379.7788511770006
-775.7642809999971
-1185.8597199000012
-335.4358412899992
-371.3258311
-588.7332498999997
-248.56770700000013
-1278.7453154000011
-64.44687050000074
-478.83938850000027
-470.281138619999
-205.89412630000038
-228.46108389999978
-1806.5930999999998
-521.265628499999
-46.85343459999933
-71.7897415000003
-468.19237330000055
-664.5709159999998
-602.3934216999994
-257.84268379999907
-515.2426246999996
-102.38539606000042
-1791.268480000001
112.87715509999822
-456.41336179999985
123.32950399999825
-734.5018300000011
-160.30430099999936
-576.4710415000001
-468.6478620000005
-1305.3498463000005
-31.856357380000713
-1793.213609999999
902.3920241470007
-303.6875563499989
-362.1042815300004
-538.7522542999988
-562.743691
-263.4747137500007
-422.471453199999
-464.8527667999996
-425.2048369999992
-1967.787556400001
883.4288271099986
-395.156676430001
-578.2637009999984
-1436.4842719000007
-204.93222699999902
37.30121999999881
-822.1312229999983
-1113.0579424100008
-113.62457942000103
-279.8342500000003
-347.25686187999986
-1742.8316400000022
23.477072600000454
-514.2112883000007
-488.04063509999986
-347.84619700000064
-1188.2269091000005
225.61544420000118
-999.8540359999996
115.72997040000044
-399.63793258999976
-498.9756410999998
-693.3370640999999
-1787.8415899999995
871.547561589997
-1482.7921670000005
-108.97795721999891
-13.911082540001038
-1717.0318020000013
-58.14363960000049
109.2636199999995
12.826868640000196
-1708.6845789999984
340.9881632000004
-936.6642717999991
-45.17888410000043
-1821.7859599999988
932.6836046999977
-1365.1814981000002
267.8632000600008
-470.8364963999984
-503.41975069999944
-1736.2217799999999
31.02303712999902
378.52772696000005
-1563.2081566999989
-123.8673694999985
47.924394799999305
-1861.1587400000017
114.56892595000075
-423.2384487000005
65.7106785999997
-1720.6484199999986
532.7603322999989
-1184.9782157999996
-245.3727119800009
-496.9724831000002
-125.25836689999977
-1806.5397999999996
971.8479554549991
-407.5595676000003
-1775.8387299999986
-167.50716384999987
-289.99961890000094
-275.8178652999997
-270.0976600000013
-475.5325469000001
-133.23534945999992
-434.87596328
-1681.5013249999981
331.5464906099996
-844.8239660000013
-1152.6854500000002
-228.94225800000055
-306.546411400001
-33.645038190000484
-743.3272019999984
-1169.3038781999999
391.8702137199984
-533.1355748100004
-1259.257093400002
-1773.6593799999985
621.9673163000002
-1819.9978099999998
505.50433600000326
-61.80864572
-1708.351259999999
158.22422774899968
-587.2740736000006
-239.6191814000004
-115.37156968999989
-489.77145940999964
-647.5441535499998
-378.46951680000006
-695.1419426379993
-400.94860619000013
-492.2846655999998
-421.7320260779999
35.74308500999961
-1553.2907306999996
-141.523881800001
-421.22173930000025
-416.31779610000024
-3.332291289999553
-395.44517529999933
-1740.2524800000008
224.87445606000134
-646.5373439999985
5.264558599999516
-1643.7434563399981
-2014.249670000001
1339.846855599998
-317.283168794001
-466.1735338900002
-481.2141699999998
-1313.1772629000009
-207.13112895999976
-10.338588179999437
-1892.2151509999999
859.7466382999991
-288.0436172200006
-1659.7566839999993
10.703370199999014
-421.90156923000006
-557.6450921
-229.95508642199925
-719.7943086300002
-397.57684427000015
-329.86347057999984
-387.1428273999993
-735.3013188000003
-103.63018177999919
-387.5604105699995
-465.9098251899993
-1800.328339999999
120.3551881999995
-364.10605090000104
-250.53703048000028
-508.81390999999877
-1211.4406289999988
-287.4711022000003
43.633849519999885
-466.1182388399992
-602.7972989999993
-1181.58092078
-325.7329484400002
-159.60424350000002
-686.6155037200001
-242.1611252000005
-71.07936800000019
-475.85816249999993
-584.96940376
-299.98492380999977
-1813.213999999999
124.82601867999983
-600.9622798999995
4.535600699999691
-702.8663131400003
-339.87951039999854
-336.76846108000063
-724.5083615999997
-407.64037809999996
-371.57516600999946
-1767.046199999999
473.01665729999974
-269.7002191000002
-443.75402679999934
91.91320498000027
-448.1443076000006
-607.9281600000024
-228.20125389999995
-1730.566169999999
216.8345492999992
-355.5018919999993
-548.4794141971005
-230.13425200000117
-1731.440720000003
193.11105790999966
-291.4752609399985
-402.0508999999993
-1525.3873752400016
35.13987114999967
-202.93370239999956
-1840.6637599999995
175.0254316000006
-213.27050714000018
-259.31441114999905
-1817.796630000001
126.92770879999924
-202.48084518000041
-356.08798379999985
-1785.24552
167.94846710000056
-203.8018319500004
-357.7559046130006
-723.0675649999996
-1084.1122617999995
-163.75816670000083
-517.2107970000011
236.1708596000003
-1171.1769788999993
-225.43616899999813
-1068.0337842800009
-309.71183313949984
-251.3257325000003
-364.7159250000003
-231.40889554000023
-473.387619999998
-345.60075310000127
-578.9780655630996
-705.6367733000008
-668.1127001000003
-52.00684221999971
-277.9981835040001
-1747.8239100000008
151.79463752999948
-183.81800860000024
-527.06351347
-1023.7607311000002
-448.3186184999995
-189.5780923399992
-95.48331310999998
-321.5609890000001
-740.6422508800016
-533.7803254
-525.2960725899997
311.5570404000005
-621.0666105999998
-619.718096000002
-1174.162711200002
-258.9498229100008
-1304.449933400001
-103.86478299999838
-424.0703999999993
-228.1574900600006
-499.4938069999985
-1670.484910039999
378.9362000400013
-710.8208816622001
-209.90884110000056
-382.90837219000093
-1025.356784699999
982.5584157899998
-292.09283572000044
-1540.4508623200004
-91.6946803999997
-160.77770148999983
-1810.7066499999996
-1106.8671920869992
-645.31206584
1266.3499446399976
-273.6472560600004
-668.9273085999989
-390.78829449999944
-414.5738694999987
-139.86231999999964
-569.2651452700002
-832.8491533000004
12.10157130000017
-577.5171617000004
-581.2350500000034
-411.0465939999998
-1199.1259385479996
-192.2463951999995
-106.75898159999993
-299.63512548200043
-880.6854399999985
-1008.1767816800003
493.9622266000007
-395.7142540399992
-617.6823799999984
-185.97884012999975
-1731.3043899999993
816.9785301
-525.1647022
-325.05416710000003
-492.19224190000057
-398.7957669999979
-1722.9804432000024
-17.888981900000452
45.970136799999416
-1805.2613310000015
-79.40801320000041
52.931832940000305
-1847.5351871999985
83.40033626100013
481.4787799999978
-1351.4982847499996
185.27366100000134
-1541.4678936
-205.24579505000082
129.9808000000001
-1325.6617969999984
2.3917811999998855
-244.27699370999946
-342.7888154100009
-640.04974786
-1836.45327
177.9488806999994
-41.383845600000086
-1812.4266399999992
171.73740080999949
-290.8450564000002
-74.75147499999969
-1740.0971399999999
503.4039540840006
-51.05682117999926
-827.1274014000003
-29.253636700000452
-352.7032244900001
-1721.238798999999
-73.31999010000035
-445.8168040300002
303.72133388000054
-1806.71225406
-456.52003059399976
478.0954379999992
-1164.2289395999999
-158.5603131860001
-241.65667949999983
-508.8372484000003
-158.73796469999994
-597.2395230000005
-485.6222915989985
-1281.8322676000007
-165.89378185999908
-46.07886800000009
-379.00521854499925
-624.20399
-1285.5266454999996
195.18396510000005
-428.9052422200003
-488.29374990999867
-799.7293748000006
-271.7488340000005
-177.2660328100001
-359.14792559999864
-1670.9363670000002
329.4509370999996
-373.4089997100016
-1723.2874289999986
-427.59847014600007
-1595.0178559999986
1876.15590086
-390.85306860000026
-1453.1965083999992
-189.88377737000116
-242.3979600700001
-237.08095889999996
-303.3280489999999
-1674.6736309999997
50.73337130000031
-85.35177480000026
-427.10783499999974
-1751.450460000001
205.30493759999888
-457.79577780000056
-561.9791871999998
47.61213040000012
-476.8253798600004
-1759.496255
-28.681104500002334
-160.90199819999972
-181.4987530400002
-184.97968125000045
-1410.7572758210003
36.861885130000296
-378.2856261000001
-525.2604937899999
-485.24731199999945
-149.00283093999894
-1872.666560000001
54.20645119000016
907.623012568001
-401.23371249999946
-379.54226943000054
-527.2287736000005
-403.0656091000003
-423.92603580000036
-1844.2511199999988
236.9394321400011
314.2125022400011
-512.0626545900006
-1128.88792522
-45.21088853000061
-1856.732690000001
330.92705132999833
653.6285593000002
-106.56105696000051
-268.9825181999995
-1457.8370661100014
-191.90174531800054
-29.430226540000195
-239.13026879999978
-1309.1020837000012
-199.67443959999954
-91.50204177999925
-274.3716702499995
-504.92592800000017
-376.74090799999914
-375.02279807000025
-438.8291599999994
-495.5864336200005
-598.8163790199999
-233.55635998000062
-612.5560890000002
-489.0511755530015
-1272.9005031699987
94.6463668000007
-323.10937000000007
-1688.5032828000005
23.37130859999898
-591.2967330000006
-950.0420001899994
-255.6958279999996
-275.0623160000002
-194.93367040000052
-648.3813104700009
-170.17226010000013
-75.58429799000012
-1779.6692700000003
489.0694240999998
-101.3230067199994
-447.85575248999874
-575.6714100000019
-1370.896021600001
-1013.4234369779995
-1992.6526899999997
1840.0543148000002
-1330.0711498500004
-35.78689519999996
-212.15724006999943
-488.53002999999967
-271.2725200629997
-534.4982336699985
-526.86304278
-701.2936009999987
-200.6184213699996
-279.28286576999983
-777.7530900000004
-1024.2133329899993
651.87234532
-1821.807769999999
-500.30214379700016
709.5717187700008
-595.6240870000006
-1520.1215018
773.5121654900005
-552.7270859599992
-501.1037119999999
-1787.3997499999984
671.2623583700015
-941.5740133000008
101.70883183899691
-389.4499953
-487.421962416999
-397.12564421000025
-506.1001608999987
-318.98912649999926
-1665.1175969999988
66.1673239000008
154.51822202999978
-690.005344550001
-413.5297246399997
-1851.1421800000003
-804.1447367399996
1061.6133967500007
-477.0565383600009
-265.16583860000065
-1710.04451
433.0487677000011
-265.24027290000043
-221.39529001000042
-266.4801223840005
-576.80688944
-549.1156961610002
-808.6230692000009
-55.08882570000018
-480.43508699999893
-314.7348063999991
-367.82106228999936
-547.7059459999992
-273.24925231999885
-1701.7554329999994
200.19268240000008
-394.3302344400001
-339.0650109999985
-1662.9289159000011
128.8783110000007
-196.3066106200009
-371.5614592600002
-1704.2396950000018
-31.38371409999933
-60.81027329999878
-608.6803669399995
-750.6050965999998
-446.8787349999997
-402.86800969999916
-88.90076514699993
-302.70951945999957
-1792.9502999999988
933.3622959599991
-464.1122719999985
-1662.9258121000016
33.64753089999944
-1770.3606200000002
430.5388474999987
-48.14302770000022
-1729.0205100000028
257.20076723199975
-355.9676405400006
-362.7500849999985
-406.8689958999995
-418.5025936000017
-1688.9182400000009
4.323686799999283
5.59540420000088
-575.1628967000003
-301.2098808000006
-56.01102714699978
-602.6820640000004
-1421.2084230999985
154.03573969999866
-1767.472700000002
355.95350526000055
-158.79694310000087
-1791.1645599999983
901.5184513499993
-1601.5618618900012
35.78765019999928
343.16016074000004
-398.23744804000063
-1709.105343
-755.8609842210005
771.5591446999989
-397.27672370000045
-443.01742349699924
-701.5241123000003
-168.41024299999944
-1572.8444465000005
-188.46348988999952
25.71186390000019
-950.9649028000006
-50.49525389999944
-749.1284000000019
70.22527573000029
-1716.080919999999
329.47539250000045
-321.16078729999845
-1737.6655750000004
-12.941365059999388
157.65989061999971
-1236.6946113999998
-846.5534361700009
-826.1413145000007
-1168.2064510000002
-90.6341502200001
-1053.3782205380028
2596.4620402339997
-1704.4623440000007
674.7210171899984
-1390.800598000001
-110.4924130000005
-270.2596504300001
-1846.9550490000022
146.79095878999956
-172.88516943999895
-433.93507840000007
-272.5034285500004
-199.26922259999975
-491.86125939999926
-490.62160329999904
-225.52192200000079
-526.7080228299999
-280.77932060000217
-534.3699491999987
-331.8221700000009
-1663.2731813000007
-146.6972350000015
62.99556920299991
-652.1848582699993
-1829.2073799999964
250.01345769999864
-337.84720171000066
-258.45133212999974
-264.46573300000045
-220.98783632
-1045.3215391000003
118.33812599999943
-1653.01930235
-155.3797603899996
-417.8057985000006
140.13110296999992
-458.7993788100018
-588.9760303000006
-254.24438879999906
-492.26929199999967
-356.6834977000004
-438.3303683200002
-1863.5657499999988
-1682.114139999999
1820.0422589000034
-1467.231356220001
164.83536000000143
-372.3649803999989
-376.2706845500003
29.51247172999988
-806.7130544999993
19.58020473000017
-472.6488289999999
-1698.9899845999987
-1635.4164920000005
830.1576702699973
-60.02775000000145
-584.5284248999992
-1379.5061585800017
65.52876970000042
-343.1301298000005
-279.2746199999998
-671.8080234599997
-1431.1340475500003
351.6875476
-505.26082970000033
-1770.3703799999985
441.42887623000036
-543.6143661999996
-321.5383146000003
-467.80109214000004
-428.64249840999963
-231.73289000000085
-591.5075143999995
-1271.9916454999993
1.4247603999996117
-536.7357475300004
-362.56536020000016
-360.4345649000003
-592.6621201800001
-316.65409669999997
-119.02516440000042
-990.5236282000005
179.95225480000002
-1725.256253
146.25324740000048
-209.00593099999952
-1034.5877077500002
-133.76269140000073
-517.6588128300003
-39.22549550999973
-364.4863975000013
-1777.1759200000006
81.66759579999939
-159.07588079999988
-478.94564999999926
-494.8568432399999
-289.3077090000005
-1478.9218437400002
59.71545899999759
-1418.261731600001
18.43492559999993
-222.60116620000068
-1755.3681200000008
760.1693629000009
-394.60959323899954
-263.5281278699996
3.66831900000025
-526.5517826000008
-370.10305618000115
-512.0875067000004
-573.0415605000001
-381.9185148299994
-373.09733116
-611.9900463800001
-85.15009469000147
-394.2567425999991
-405.6011812000006
-485.2780070000008
-1762.8622999999998
80.02400689999847
-240.24482389999957
-470.2837900999996
-1810.7002600000033
960.7767739000005
-1344.732301690002
-92.46690990000165
-187.4317658999997
-566.8759787999999
-243.68046469999976
27.04389149999999
-1446.0747425999975
-12.078747099999154
-174.10476530000034
-1794.6606599999982
-22.19414088000099
-156.6616551000002
-239.54577999999873
-466.9434619499988
-893.6503369800008
-1008.8516404000004
97.02645400000073
-734.6975710000003
-1099.4932401700003
-287.94328929999995
399.143391899999
-1509.4443458099997
122.12355620000076
-628.1348622000005
-201.59100005000047
-428.5892916999999
-278.88222500000063
-1590.212302900003
216.0400953589991
-816.0428962999993
403.99041309999944
-1648.5288574800013
64.97734350000007
-495.9786880000016
-1149.6565934399994
-178.28595969999944
-228.0997510000007
-1390.6673111999983
72.52211350000043
-394.11933016999956
-292.41714338999947
-972.6895182799993
-1587.9268330000025
719.2791515200006
-273.51270288000103
-1713.1700922000002
-419.3485850299998
899.3104677800001
-1116.0846858999996
-118.99843731999987
-149.43130094000114
-454.90917050000104
-334.78750510000015
-560.7312046999995
-311.26740108999945
-890.2333325400008
-76.17328499999935
-1458.8507918
-139.26843263000114
-364.9237909700007
-27.463107499999662
-435.5353155899998
-1733.1144900000008
232.59176222999992
-1763.5394700000006
384.6725678000004
-193.74725699999885
-812.2992917099998
37.099730199999634
-957.9013399999999
-905.3420516
37.35754599999912
-1685.3272840000018
892.2682237000004
-1668.0561880000014
-85.82388249999913
-253.90552498999958
356.28025120000035
-579.8398779000004
-575.08779407
-596.2941586699999
-87.09673700000023
-1450.2961370999997
-53.29183090000031
-483.61704599999905
-80.7388066000001
-379.4709209999998
14.399752999999917
-1524.040778479999
223.6765043999997
-476.0886229999993
-1458.0179108799987
227.9726963400007
-429.7275320000012
-641.6981156000003
-627.3437759200001
-477.7962803969998
1309.9387805477
-598.1638793999997
-477.74956522000014
-263.76270249999936
-104.82008762000027
-649.2285793999995
-1076.8692680000004
455.39416180000006
-1434.2107918
257.5596242500011
102.61940161000018
-1733.8611490000003
192.7771025499997
-240.49247511999985
-424.0896983999998
-414.7793365000012
-1762.4450400000003
117.24212219999954
-1907.895999999998
564.8813503299971
-205.6162587999996
-548.9019726999995
-140.53596064000155
-485.72934080000067
-620.2550051999999
-451.1467509399995
587.2536612360004
-441.0131323000009
-409.45364800000067
-1687.8086986999986
-146.65471219999992
-395.6270421000004
-127.4018904999997
-180.75034283600004
-167.50769469999992
-675.6890140000005
-475.3724572199997
-190.02151790000116
-1310.1254382999991
-963.5345090559995
-2107.6175
1489.0742300999987
-152.61834629999916
-240.1155983999986
-403.67493740999964
-489.2188949999994
-681.3850797599997
-457.8269199999993
-101.89125349999966
-1718.9964510000025
717.8106896000003
-1464.3827348199993
-29.38464852000012
-803.0110419900009
120.39081410000142
-343.1746742000013
-1674.590299000001
132.34155810000107
-275.4726196900001
-439.1944336099996
-357.71140949999983
-1036.1800271999994
-21.94004448999963
-645.7844544999999
-524.5860875400007
-126.76082340799951
-52.169399200000825
-317.8363405300005
-1781.1762999999996
276.087854699999
-190.67713549999965
-1762.4703300000033
270.8323763000013
184.76875959999978
-1271.838985400002
130.71473070000002
-1801.5148600000005
149.68411231599814
-1823.02898
477.1454695800031
-224.8838351000003
-677.6995407000001
-436.46678309999993
-519.2433484640012
407.163781449999
-680.0053519999987
-1.2239957999998772
-1773.9244399999986
208.48181310000126
-1740.2762399999997
420.39277509999806
-225.64435500000042
-1546.2474684999988
-37.17317380999971
-248.11297760000068
-1809.4624000000006
390.9226135999995
-1812.611261000001
1291.4564988500001
-1743.5783000000001
-8.422797899999605
-197.59126000000063
-460.4323387900001
123.5865295539999
-602.8418749999973
-1350.9370473770007
-298.82871754000115
-1588.147977000001
1384.3378201439996
-1780.6676770000022
562.3780518600005
-1178.2304509999994
-261.9215681699994
-479.2311721700005
-29.823190999998907
-1396.711615900001
72.54288473999937
-284.7676680000007
-705.0301757
-1812.6055299999978
956.3746829099998
-174.6188906000004
-1823.2678299999998
218.45144319999972
-597.8571670200005
-390.1555329799993
-81.88247510000032
-1755.7214600000027
61.373097400001065
-401.1891538000016
-365.66989276999936
12.791459329999727
-978.2783156000004
-173.6632301099992
-494.23812059999966
85.50035886999913
-127.90533002999932
-1472.899099999999
467.62813993000094
-1211.680391699999
703.83900331
-1717.709806000002
48.2611640999999
-326.4765111399995
-1852.6475990000004
210.60201879999696
-200.98166383000049
-105.43414099999995
-1655.702692
225.91690028199955
-414.81406769999927
-479.7292376400005
-281.83908819999937
-993.5880018000006
659.007770690001
-447.4004755999999
-465.94884500000177
-1587.0155646999992
-74.15900129999955
-111.66145852000014
-656.8470595799992
-180.4484982999994
-391.57437159999955
-714.1191089599998
-296.9905053000002
-501.86533160000045
-519.8315256599992
-616.87224109
-151.80956550000082
-260.28240563999896
-1769.1049199999998
-35.642365899999376
-24.320791901999616
-572.4678235999999
-1881.4178800000025
1181.9161902609985
-549.3042900000015
-558.8252537400002
-548.8466270799996
-357.3900699999994
-697.2027479999998
-1127.8535213999994
-107.49583304999787
-100.38077879999982
-1898.92688
588.065710189999
-736.400143000001
-1037.3441466999996
-37.518351999999894
-636.5544054999998
-14.367831610000492
-448.06673999999884
-1685.575420380001
894.613038949997
-1734.6253600000002
904.5501007599994
-419.5521802000002
-487.79072299999893
-573.1609415999989
-746.5632317700012
-947.2617625999993
153.36323334000016
-1723.5766979999992
205.32596479999975
-480.45577999999955
-528.550314500001
-341.3365324000001
-280.7466850999989
-1722.6537599999995
-32.742221679998565
-955.3739519999993
-1702.207484999998
1090.510460890001
-996.9762552000002
290.22758299999856
-198.01195309000016
-750.4460180999982
-174.05196999999876
-1577.6321008999992
-1648.2674070000007
647.5917921999987
-47.172948800000206
-460.215238500001
-216.71350069999957
-545.7669808000006
-1863.0044199999995
151.41058050000117
-75.72394000000011
-1390.024874599999
148.91901474
22.727647519999966
-1692.4829820000039
42.90852860000093
-443.6930597
-185.48160365999982
-472.52133460000033
-1815.78177
148.8802445999996
-7.0180317799987355
-150.01242914000005
-1208.7809221399991
45.988132999999756
-264.2639524399997
-1710.928626269999
-1008.6549250999994
915.8278277000001
-366.6847111999997
-495.1590663000007
-973.6717539000007
161.8133610999999
-427.07285750000085
-1814.151149999999
727.5907084200011
-183.9127960899996
-1776.3414169999996
516.8858450999999
-499.09680509999976
-1832.6762500000011
100.09155368200096
-116.9629579999993
-1445.9092537000008
145.02902897000018
-367.7978828499996
-623.9960412200008
12.910161860000136
-1528.3676985699994
-155.11614019999985
-231.33907010000067
-1778.98483
522.1551572999994
260.71075368999993
-1556.8203294000025
-219.37126199999835
-189.82537241999898
-1314.436083240001
97.14781829999991
-385.8183969000006
-308.66539673999876
-582.7303490000002
-453.07514168000023
172.61485239099957
-502.2418203999999
-648.6096836999999
-222.57989600000042
-1753.495230000001
237.27085862000027
-201.12779057000026
-567.7938967999997
-174.51871699000068
-487.3415369999989
-1555.2898342999977
805.0016786700007
-589.6529192499996
-1744.4094000000016
233.17392119999948
-212.77940079999973
-1804.4657300000008
272.73494214000056
-169.59019369999893
-1772.6746100000005
262.33794306000044
-1818.4237179999984
1162.3151677999983
-423.6502488499986
-441.9064012000014
-723.2603066000006
-1038.8989714000002
-233.83966481000013
-262.8829142999993
-1856.7063599999988
1081.55455367
-1484.8206912000014
-162.17794619999955
-384.7853089000011
527.2291078999996
-1738.2470200000018
812.9999716399986
-234.19916504000048
-1768.8231699999988
397.7584524999995
-477.40293999999966
-752.6256783000028
-1076.9178109199995
-130.14157599999984
-229.46580409999936
-421.3652007000012
-374.9455093999999
-1921.415959999998
1173.9426042799998
-1697.4685509999981
-34.352944140000844
-474.80988649999983
-246.8029052000011
-242.08312139999978
-323.41314809999886
-1688.7370169999988
72.98434087000031
-189.73593146000053
-397.26915700000075
-649.6609650000008
-1300.8419652670016
-138.4557686000005
-340.90918589
-470.2399444400003
-253.92841759999928
-360.56796017000147
-720.2019397000006
-320.1541286200007
-146.28020683000062
-1750.9639879999982
-108.3199738999994
-101.1178542800004
-284.7547768000013
-744.3766793900007
-126.90415900000025
-526.4847970499999
-244.7626038400002
-590.1890852600001
-438.5484880999993
-277.03056529200086
-613.5908663000004
-510.06404894000013
-152.15337115000094
-725.8713711000006
-204.1205100000021
-366.3760462699998
-601.5533348999993
-312.3178793000005
-1796.0205200000016
22.02266619999915
-31.973708509999522
-551.4989274599998
-142.51678730000083
-1643.7773529999993
243.97224579999957
-418.4302637799994
-243.48798829999984
-803.9597200000007
-1147.9299633000012
-29.267658040000498
-1789.5655299999992
220.72120570000158
51.14265616999845
-1781.0767799999978
418.0978420000007
-405.228238699999
-939.7032239899994
23.491100000000106
-537.3840165700011
-260.7942236999994
-374.6848222430013
-633.2376960000006
-211.69817848000022
-623.7709131000006
-246.51316980999965
-702.9993522
-325.6455758
-184.0627509999995
-453.3633670000013
-455.90132159999797
-601.0231240699994
-512.0249039999984
-1395.4676829999996
-1252.0509525839996
519.866658250001
352.1495617499999
-1770.885
78.17103320000018
-100.53832370000066
-520.7425936000009
-423.75113210000023
-342.140844200001
-347.9507481000003
-568.6627039599989
-248.7016461300001
-845.4021660000002
-223.58382349999923
-160.08698029999937
-1774.3808710000012
198.19855000000152
-1231.5131496000004
-141.62328099999993
-124.00425838999962
-895.9903799999986
-948.3276328999995
-338.9579180399999
98.5791295799992
-1862.9213199999992
554.7801044899991
17.38924510000126
-1660.90933325
-86.42890789999923
2.9953015000012555
-1767.5617400000006
-1289.107219289999
1087.2810420399971
-256.7553814700002
-882.373419999998
-944.8617016889996
-90.62962900000049
-196.86753494999908
-1666.6066029999993
321.64841760000104
-1707.8414930000015
-90.07929034999918
-316.9726880000006
-106.73833329999908
-61.29091835999998
-534.8407125000003
-399.01390864999894
-421.4056700699999
-271.8127830000016
-659.9516861999995
-9.724129700000544
-172.28581469999932
-507.9700611999998
-1329.410946900001
-257.6944319200006
75.74727659999982
-1741.8718819999979
145.87986280000177
-1760.5550899999996
286.0129239399996
-379.13624118999996
-25.582777000000167
-1737.8032970000006
250.96688590000107
-433.97170020000027
-617.6797405799999
-1663.0407599999994
685.4704876999986
-671.1316908300003
-283.8362300299997
-287.09533659999965
-394.2650503700006
-345.7422902800006
-482.5397276000005
-725.1121889000013
-50.84948450799942
-624.5325833000004
-160.99236850000102
-713.8677427800002
-444.60146540000005
-29.904974849999494
-1393.5779686499993
-72.92163439000038
-254.39580720000072
-203.56427729000077
-1628.5045199999997
-26.740067240001096
-430.1124072000006
69.55491099999995
-1167.5722907099987
341.26046630000064
-356.6638917000002
-525.0862077300001
204.04662983000026
-551.7935153299997
-650.0323620000003
-171.9380257
-445.5008998999996
-556.3835609999998
-326.0861957700003
-448.61598999999745
-1320.0311978799996
100.12331060000045
-509.68488183700043
-208.92996239999985
-459.8803419999984
-512.6044121999996
-536.1794012999999
-1318.262067
90.24172859999986
-1950.8046900000006
843.4807322000003
-1152.80974772
576.5763923199992
-1717.34095
823.1240714
-1525.6183090000022
74.83531077000065
-656.3313806000001
-4.013449260000106
-808.4823200000019
-236.22424019999957
-257.0852103999998
-701.8577570499999
-246.5490529000002
-452.01194127999946
-1868.9368500000026
36.713904470000486
-330.56605919999953
-335.07570710000124
-114.48304479999986
-313.5446804999996
-1727.2899129999996
233.88488475000017
-1841.4847599999982
282.653052600001
7.857873699998681
-1683.6166010000002
356.0128562000008
-1017.4803737999994
-295.6046259790002
-199.46600448000012
-726.9167228000009
-44.81043190000051
-327.2435613999997
-348.7951235000002
-427.68939670000077
-611.3130260000003
-1340.9445216000004
-291.88358429999874
103.58688970000249
-1668.1981049999972
-24.733701300000597
-14.719901300000105
-843.0603450000029
-24.16412350999955
-387.3176518000017
-1675.408801000001
-14.009082000001367
-112.41357973000005
-452.5346870100004
-773.8379389999997
-247.16097199999956
-209.33493132300006
-1702.7343799999978
516.4000419000005
-225.33528509999994
-1863.8733600000007
146.9465957999998
-101.98501469999938
-323.7323979999971
-593.6027011399989
-269.809118519999
-1552.7478320600003
119.92352997000008
203.92299800000043
-506.13129036999965
-741.2628715000002
-179.75678608000118
-1806.4138699999994
780.52816422
-1305.5774204000013
-1059.5648206399987
1200.7272616703005
-0.7979957699998813
-1646.7950043999986
-1618.0209769999988
714.9245805
-1612.6855900000035
477.18193219999927
-13.297126999999001
-486.10287100000266
-697.9896823000001
-1194.0230445700001
-210.1708803900006
-299.8545920600007
411.1835988599995
-541.4741680799993
-1807.7359760000013
622.3633399400001
-593.200522334999
-726.4164900999995
-68.38572354000065
-721.6209082979996
-200.2437099999993
-1428.5483125099993
277.1800156949974
-1029.6507659000001
-262.31017690000056
-342.28425999999985
-1214.12904763
-190.69648420000257
-503.52086692999944
19.52414651000021
-863.7064331000001
-300.70387088000007
-421.46488158000034
-503.7198017999994
-235.71230680000008
-390.61055275000047
-282.3150600000001
-957.0900476000005
-280.62616288000004
-49.324221800000664
-407.324641
-1552.4152286000012
747.8986730500008
-1665.814231500001
-45.83534250000088
-228.49030000000164
-1445.2634495599984
-654.6638344500011
513.6900950999998
-639.0364618
-451.54567489999965
-749.5745261800008
1324.2728932500013
-1477.9047957000007
-143.9955522400006
-114.88959599999995
-441.39039324999965
-1767.144399999997
200.8314341000017
-296.3510827000002
-170.8420421000012
-776.4576986100002
-101.74239240000101
-668.2190415000002
-540.3119288999998
41.66243039999974
-541.2445300000011
-457.73811180000007
-283.8671510319985
-410.65981120000026
-380.8496319999991
-1674.47934
245.1492560000004
-528.7279781400001
-533.0452670000038
-197.89897380000096
-773.2375982999995
-1103.9600801999998
-313.1935467799993
-125.20031719999865
-150.99878879999875
-904.4404930000042
-22.270683629999912
-1171.7603184000006
-255.0004608300002
-359.45747220000044
-441.88679939999975
84.93496189999918
-32.62000786000007
-390.2361637999985
-1668.9831480000007
379.685243874001
-1637.005222000001
153.78047000000183
-1491.5381348999997
764.8614633900003
-1775.1182280000019
882.118942109999
-658.6177154000004
-636.5935923800001
-67.57181873000158
-1833.178490000001
466.2048112999994
-1009.6539628900009
57.714029610000196
-558.5767669000006
-147.3781962000002
-768.1814099999981
-211.81044800000006
-1441.0722205000013
253.25977989999996
-424.05127865999947
-1683.7430550000006
371.5906211500003
-501.40394540000017
-318.8928282400002
-1749.3386480000015
831.0252019999992
-1508.6871702899987
211.3747062700012
-668.5356300000021
-1355.1099028
830.9577443600014
-955.3881320000005
-369.83978643999984
-1061.8085886300019
693.8337383500003
-384.99848537000014
-1681.7022800000018
64.92447369999954
-449.6422787599998
-80.23531480000065
-455.686079280001
-512.4196868000006
89.07748850000002
-610.7822819999993
-1827.9038300000016
1074.3184442499985
-429.2963009999999
-545.0540767000031
-1405.0820784799994
-144.3731776999991
-120.33902742000019
-561.6667729200001
-443.2137713000001
-424.45771069000034
-405.06892989999955
-231.01053500000043
-387.2056036000007
-244.95029630000042
-1094.521986679999
162.30802900000052
-518.4134119000021
-349.81421660000024
-542.686509999999
-1472.3791379999993
55.02402411999908
-213.3846387499995
-1781.69427
94.9503981339998
748.3396826300002
-692.2229562299995
-372.43195999999847
-1208.5160630000007
-10.580382190000503
-299.1552723999996
-1227.2514308240027
-393.46865287000026
69.65148770000008
-9.555013880001315
-457.84741139999977
-805.1997349000001
432.42842089999954
-1475.0492348
819.3656983599996
-1702.2765390000004
-1251.6682199999968
935.6274472870005
-1851.8093900000001
449.6003525799992
-1807.4736810000006
-1409.937819999998
948.1518527199971
-2.534766899999614
-1786.0117699999987
201.56569638599902
-498.9191113999993
-80.17988800000046
-221.8268748000008
-1067.0236371400003
-179.92903629999967
-347.2322972999996
-425.5665839999987
-272.50251639999885
-1707.5419320000012
39.035047399998504
-141.54944530000014
-1762.4803999999988
126.96764537999938
-158.65014869999987
-271.16745080000084
-1688.2906909999992
-114.52503517000173
-103.28591059999968
-706.7973576000003
20.41096880999966
-442.133528550001
-422.3001874400006
-817.7308900000018
26.304435149999673
-1628.4628331
135.98176022000217
-292.8502279999982
-443.26604922400014
-531.6732400000001
-1428.0228652000028
-98.00825130000064
-351.22431220000004
-512.2771015400007
-65.34030160000013
-704.306770000001
-1176.4163298299998
-259.10039539999906
-61.611145580000056
-676.0179195000005
-91.42151599999903
-1626.7045944500012
-89.78943049999954
-396.1774702160007
-565.3098267300007
-1374.3220232700003
815.5227014000011
-720.5791685160011
-300.7075105599997
-510.35141629999964
-914.9165386000021
-733.1278036300007
441.6027184199993
-230.56609986999845
-473.7779740000011
-1466.633793049999
-363.2679979999993
-295.18026560000027
-0.20772180000001472
-387.3079922000016
-352.7047371999999
-604.9472822000009
-1769.3439799999976
261.2940406000012
-350.09523390000004
-1629.2117849999968
376.8217327000022
-77.0086264000002
-1679.79672343
-1322.6477185100005
-1935.7582100000045
1860.5999825000058
-526.6723595599996
-243.63533684999916
-469.7456131000001
-364.51087051000053
-463.1939221969997
-526.7647976999999
24.953170789999533
-1724.683749919998
452.68196195000024
79.34442003999979
-576.2641024299996
-126.53281229999948
70.61156780999994
-1413.7150223999995
263.432252929999
-1116.0967082000006
-1771.791659999998
618.0085630000021
-413.1804725300001
264.15949780000017
-182.3245723200003
-1860.2062800000017
802.8359473999996
-1359.6485314920012
64.36778999999869
-1459.6398875999996
749.0003254000004
-1662.8471383000015
275.13323579999917
-764.6942516999998
41.10117859999954
-930.93643857
3.97480693000022
-1833.1908899999999
128.63859438000244
-337.91872529999944
-125.79432
-328.1678390000005
-1747.5393509000003
-634.7233272209997
-885.3085692699997
1002.5681137999994
-629.87733912
-472.94047869999963
-331.63628189999974
209.6759271999997
-310.24337239999977
-299.93618930000093
-858.7783057700007
-499.6989547199988
69.03745109999879
-438.6388242999986
-816.2363020000017
-449.55238506000046
15.616844770000045
-994.2172367999997
-63.16577731999971
-359.6619210000005
-436.4391830000011
-1381.1027932999978
7.724925099999561
-202.04122863000046
-557.0052816999998
-352.31040604000015
-538.4624834999992
68.33355744000002
-1394.89545657
609.8345769
-1478.8991078000017
264.08324729999964
-14.729021200000325
-430.27898416000056
-1848.3862899999986
48.689001269999856
-262.15027655399996
-343.6931138000001
-132.65887279999873
-682.0401852399998
108.64769928000051
-1783.2674000000018
868.7347170200012
-1634.2943120999998
937.6060528700004
-431.9257702999982
-678.289135
-1296.6067666900012
29.11093816999935
-485.64124250000054
-252.21562655000048
-850.3097839999996
-1068.0235157
152.53132200000104
-573.5463500000006
-381.09579848000044
-1843.1626200000014
997.2825517000009
-755.1887472900003
-1141.9608181000008
-475.47890849999993
-245.09577030000077
-122.36019959999823
-834.8503797000001
522.8184910900003
-384.7850252000005
-1764.9195900000004
399.4740179999987
-468.2621728999989
-286.8231777800005
-743.6977845500008
-597.8860769500004
102.90380270000087
-1080.6292813599998
274.41655909999963
-215.76085391000012
0.1400654200000666
-191.78983462800042
-475.8182463000002
-384.36700594999945
-443.604374659998
-643.3546109999986
-157.12806377999968
-820.2964362599993
-1099.9341333369994
556.8557594000001
-1750.419480000001
-127.84065709999956
-380.32462701800176
-136.2399520000003
-423.5920399999997
-235.6576658999997
-618.0375275599998
-394.1376387999997
-230.44345032000086
-1779.642916000001
-21.149780799999057
35.88697811000121
-1675.8523040000034
126.12212894999878
-306.5007037000015
-445.2293632999998
-1784.6246380000005
122.4627471999986
100.91367970000023
-852.9303899999993
-1092.9661440000004
669.2720178100021
-610.6086254399999
-354.2376361999999
-688.0504959786003
-95.07628640000095
-1640.8773979999978
155.86924418999945
-712.7995232300001
-301.15800338999964
-332.1238512000003
-151.475857800001
-1060.4973230049998
-43.14093563000006
-670.3043639000002
-386.6921124999991
-189.00223666000056
-194.04193420000055
-721.7802390000015
-1316.13572771
-130.1095190999994
49.7108162099999
-1667.9783369999984
-44.77702036999909
-403.4340764000001
-216.83198408000035
-795.6520158000004
102.24215640999977
-777.1649702999997
43.13988172999931
-1125.742446
-305.67160140000044
-64.22002600000079
-305.80597929999954
-653.0312627000003
-632.0960341399998
-310.0714999999994
-285.63038109999934
-1373.52007547
730.8916053890023
-1700.3110519999993
-65.88410930000073
-430.4232163000005
-452.2284292900007
84.7301960999996
-1722.9237989999986
811.0012535000004
-357.25185383000064
-738.385123000001
-87.20456746000038
-1730.353685
55.793728599999476
-444.2686326999998
-569.9778487300003
-141.34435789999938
-1805.1024299999997
275.37037860000066
-334.16858010000055
246.927562
-1561.6903588999994
205.43452980000066
-617.7090262999999
-352.85904420000037
-205.22912480000028
-1749.5717000000013
406.7033412000013
-875.3345519999995
-1006.2375341895012
-22.382530900000507
-527.5291077999999
-395.60323515999954
-285.56497000000195
-306.1455284999995
-405.7930379000009
-382.7937846299993
-417.1539918000003
-1624.2404624999986
288.68190008999846
-1855.581270000002
986.0344068000022
-1602.0151620599995
369.31919758
-1084.7746976800008
-238.78062786999914
-413.15230130000015
-155.61279000000093
-278.8032413000001
-1802.246878000001
917.9902199999981
-360.19822339000086
-502.227009999998
-557.0686910099997
-592.0822999999993
-1176.5216910999993
-67.23427997000012
-439.71920580999944
-413.57422519999994
-247.44790199999926
-614.946518879
-272.66436135999993
-427.8403229499995
-624.1772580000016
-201.48023643000045
-441.04898450000024
-652.57284982
-284.9089853000001
-622.5069720000022
-483.48940244000016
-1156.7117518
-19.537336299999687
-393.88937199999987
-409.0335976999992
-391.0351684499989
27.604465070000078
-1100.4376032799987
33.713897700001
-1830.1551199999992
196.27173609999846
-459.02446241999934
-18.926310800000927
-1759.3623699999987
635.4394128000001
-205.2390177000004
-1547.4947670000001
551.3740987999996
-291.39978602999963
-433.7570830100005
-685.9050973999996
-90.36677080000025
-484.8779902
-303.4893961999988
-1831.7167339999985
-23.20617176999957
-253.21617700000033
-495.31810808999916
-112.22260365999871
-719.7945100000009
-166.92238361000005
-812.4403259999997
-22.05403068400019
-867.5390500000026
-1030.3223077
-194.1280475799991
-71.62232338000004
-452.57405550000067
-606.6204515900006
-1853.8493799999978
894.8781379999995
-1099.877251199999
34.978035489999755
-435.6235400000002
-1674.915194150001
-29.287604899998303
-281.02456000000194
-1180.4426743500023
-309.5799921999997
15.015299000000875
-1513.2697297000013
267.2141131000013
-277.3505507699995
-1230.390110949999
-218.5899768999996
-271.5210366999996
-585.8804116700005
64.851949079999
-1760.6400000000008
26.580234299998484
-158.93402387000054
-480.57092600000067
-207.80258380000035
-687.8364885999997
91.43172849999986
-1279.9120393
338.4823447999992
-114.72978806000008
-474.039323700001
-1487.6476434000008
-222.90436789000074
-291.1403183999995
-185.57000336999866
-226.9175975209993
-1176.9636390999985
-139.91713547999979
-249.21022386999945
-307.27948260000136
-424.1800109500006
-1745.1008000000008
769.6475121100015
-619.2555832999996
-147.93984608
-1830.748649999999
134.74937830000096
-98.99695833999984
-604.2953671000001
305.2501154000001
-683.2869781099998
-354.72662309999976
-454.48217554999974
-340.6304150000001
-1491.5512134000012
-166.2976116599986
66.47424125000073
-345.6482771999989
-433.13892783000006
-531.6763037999998
-1795.5294300000028
293.74141137999925
-324.85416334999945
-452.8086000000024
-1318.7264400000004
-69.83421750000024
383.7090131600001
-1753.7866089999989
657.3708936000005
-253.52313535999937
-371.6630378000008
-434.9716851000005
-1802.7350000000015
83.30220893000002
-128.28317159999855
-512.6146999999991
-305.9453122199994
-541.7471859999993
-243.35619059999917
-1564.1364445999998
51.87989289999975
-409.13529524999984
-96.52765380000021
-345.8980714800006
-1202.1764380999998
-81.19802334000144
-108.56853485000094
-664.191743999998
-1280.0216445
-69.76114800000062
-430.19806090000014
-534.1525610000002
-1782.8125499999985
554.8591235500003
-124.22492259999983
-601.7224031000002
-284.9869194499995
54.01747149999996
-1610.5603338100002
-104.01078509999947
-54.4773867600002
-1787.3265599999988
185.28413748000182
-274.8588722800009
-1368.8834422900004
-260.49168720999967
-59.18992900000079
-536.7263977000005
-491.65567904000244
-1259.755621400001
108.2430917499982
-1913.3646399999982
189.99079139999856
-124.51685221000038
-131.7357783999991
-598.8778479
-278.20339118999897
-653.6697866000005
-611.6470994
-124.6876120000001
-376.32870165000026
-785.7044225999994
65.44111041000177
-1808.841610000001
873.3035203799996
-1476.9128484628977
-156.86204060000043
14.937022400001624
-433.8840119999991
-590.0585100000019
-396.0049471999986
-1378.4047969
155.28769399999973
-413.7013926600005
-377.0357360000012
-1600.0819776000005
-1529.7479910000013
1009.0054153999986
-852.6447269299999
-107.42725510000072
-219.95211909999836
-381.6801337999976
-1725.3113409999978
827.4179829999983
-482.47314509999956
-1698.8465219999975
689.4971863999992
-488.3816019999978
-301.6360864
-1577.5925532999997
24.181573300000682
-161.41451000000038
-1628.6949171199994
-2.652482900000578
-205.0624253000007
-1803.2026799999999
849.6970061999997
-233.64900523000014
-414.27354109000044
-429.6174264000018
-475.82126869000047
-388.75497334000005
-1795.7495799999995
34.43278740000065
-1432.1992049000007
629.8564363000012
-495.8691087499994
-876.2050829600005
267.869593999999
7.75980150000012
-1828.154873000002
-1314.4931966299996
-276.768051479999
1286.7789030399992
-141.92519753999983
-368.4845159900003
-1723.215924
712.8642956220015
-244.32457579999956
-433.6705993599983
-637.8460504999993
-460.7720222000006
-374.1920784299998
-1275.4472205100005
380.60490807999935
-724.8016684500001
-338.1650846130009
-1783.6466400000027
465.91517150000135
-386.4871091999995
437.9793960166004
-1751.2897900000005
244.9249752999988
-719.5889447999995
70.16779610000101
-635.434784639
-651.8051988900002
-181.28021025999928
-215.59385333900164
-771.9912229999993
-1127.4064218000008
-2.1896438199998705
-489.77313973999964
-1833.7791500000005
488.4755210000018
-1247.2230115500001
-204.45224459999991
41.91687787999847
-1798.827106
290.0088126099999
-705.4257083999998
512.2063254619984
-610.3205360000026
-1332.8870115000002
207.53094328999939
-1698.7587100000023
230.63069570000008
-560.0683898000001
-1774.689980000001
1739.3865265
-195.17282689999982
-1607.0005582999972
151.28250060400057
-599.3467684999994
-440.3919314200001
-1620.6448299999997
1609.7132119999999
-1165.6006164000003
194.72329500000058
-1424.0067959000012
382.6562712200001
-1331.5292532799997
-138.53400510000057
-513.7903729999998
-760.6149088999983
962.2713368399997
-1826.9303000000004
-766.1217417299998
600.2957415999983
-130.16070761999904
-1861.418589999998
-680.8591203219997
-9.19983289999998
1290.4950663700022
-1713.2880099999995
241.68698020000008
-953.0000300369991
-795.7939102799979
1102.5553188999986
-1564.851805980001
-1482.7577804700006
-1204.79041905
1215.08209247
751.4415509999984
-569.1390081500006
405.79495417999954
-1439.0873404900005
331.3438855599997
-425.8360450000007
-1636.842992799999
433.328331999998
-440.8096131
-619.3107283400004
-1833.2093699999996
520.7315661099987
-671.0937179000003
-433.8492265700003
-386.3913011200014
-7.437282400000461
-1714.8194500000002
194.66874073000068
-765.9026085000005
-305.5769320999995
-379.85888090000066
-85.3480010999995
-1798.206320000002
123.18844971000256
-381.7276271299998
-236.45484260999953
-1798.3365899999985
1047.5689870000012
-532.0640201499995
-245.4255252800002
-713.2221061
-397.29670803999954
-459.5546140000002
-1740.9363000000014
1394.809377200001
-1734.8240450000026
444.23744975999983
-476.1365791
-430.38025300000015
-376.3674366999995
-1674.8390639999993
60.698017720000315
-35.50310500000117
-619.0595035999999
-456.92029260000004
-289.1340217000004
-337.83125959999927
-840.6705799999976
51.9079836300001
-1849.2132099999994
560.2308900499976
-1767.554769999999
212.65767366999935
-700.9408978
-64.93569319999898
-1830.4810300000004
823.6526285000008
-509.118745540001
-1706.1163799999988
-1373.505934840001
1613.13870332
-293.4529962000011
-405.21151349499956
-1753.1110499999993
-1204.8760051100012
969.7287780999995
-282.5485920000014
-1430.6145774999995
-1369.0246940000018
1044.0768027599997
-373.2152447000008
-710.3386636999999
-469.21378192000014
344.22758060000035
-456.6267137000001
-1804.4784300000001
-1053.903306460001
1457.2938921672019
-689.2222338600004
248.81309074000004
-415.7357068579998
-165.80408762999915
-18.92600755
-1803.1519199999987
-1374.2055969999988
68.77000997999986
1465.546140170001
-713.1437020000003
-419.65751297000054
-1700.7033600000007
-1167.6346076499992
1508.189076598
-1827.60872
171.74336200000022
-1797.1953199999969
434.37655019999914
-36.104932556000705
-332.44902519999965
-123.43154269999974
-1384.2557028000003
62.00021939999938
-317.035853900001
-1836.0020599999993
158.84314430999837
-172.88161133000034
-657.904799999999
-241.35941616000036
-1285.3122049300002
-167.36187410000002
-388.71146299999947
-172.73264219000006
-275.1674882999992
-1720.414917
875.0401235000002
-1866.9951300000005
84.12498680000029
-419.2017316669991
-17.941480194999198
-557.0756557000005
-456.0519643000001
-166.58208049999936
-534.6687940000003
-737.2529722999977
-1061.6581871500005
-674.7804764275994
-163.95200106399972
1111.9967399500008
-1855.9332190000002
608.3862879839999
37.322267000000856
-1816.36832
372.31196090000213
-262.87865099999993
-519.8194128000002
527.0055330999996
-396.036402999999
-1131.9280367390004
-765.1275234700004
260.62651904999854
-126.46794901100004
-1728.3181760000007
560.6749560299979
-34.41347855999993
-1610.7618012700018
289.6267486799989
-133.89086430000037
-215.0383043000009
-1156.56081084
257.6907009109989
-424.2153627000004
-437.32590220999936
-443.27834600000057
-322.7233487999999
-1838.1940099999983
1032.530201800002
-1589.494519
109.87950570000017
-258.41198052000044
-1735.7736300000006
574.1927422599997
-1186.6673646000002
91.21406333000051
399.98165255999885
-1857.3404299999995
-1097.8756134475998
-717.2800202200007
2202.0722256579998
-623.1797098000004
-299.57505682999994
-758.1174126999997
-1711.3783039999998
430.3429172000006
-1770.7155099999993
316.99096782999993
-407.50703803000005
-43.94017000000104
-1343.0760172599985
-1787.8864600000015
620.2565568699973
-1788.654191999997
1373.7991417999986
-420.86779260000014
-781.9144915000003
-525.3615997000007
120.73926069999891
-737.6431549999985
-1076.0601662499994
-1372.9454490000014
625.6365338899984
-1810.5441000000005
314.2381386999983
23.667087199999894
-972.5556355400008
125.3006137199993
-399.47175600000094
-918.9488687000006
-917.8481272
-185.03444172000002
-270.78525900000125
-1427.0640288499999
104.80747000000126
-443.41481468999996
-383.40007799999984
-1617.200599900001
333.33061959999935
-316.8693990000013
-1580.4019174000005
175.66038566999987
-1803.477524999998
678.6780126000015
-1080.0019659100005
-244.76692490000025
-21.174492399999142
-509.0620539999993
-562.4047210000014
-1319.632365099999
78.52800639999963
-285.56351419999964
-383.6876635999999
-487.1269339999993
-435.06963210000015
-436.7092399999999
-405.31937919999774
-1462.7491624079983
344.53123259999916
-20.27794431999965
-1694.7077980000008
-44.349506899999774
-304.1635993799999
-77.5575938899996
-681.4693264200001
-318.61827889999955
-688.61082
-1122.2919524000001
-1675.4760699999988
1574.854346150003
-775.7193867999999
-92.63401017000108
-399.3941147199997
-1811.0178489999962
435.4626671000012
-1732.0658100000003
569.3593542000003
-1720.9906150000022
258.31909940000014
-1552.1402100000005
-1461.9241847999997
1182.4125770000016
-1812.6191899999972
312.28590421000047
373.0253836199988
105.55699690000014
-1250.5898391900007
-278.226095584
202.92659958999982
372.4941078709998
270.6116566259999
-1073.2599291999998
38.69281020000066
1213.2416918099993
-1666.3661389999995
-1048.8245788000017
360.51664548900015
654.4687407000004
-165.7682073999999
-1765.9045200000003
704.3468219999984
-360.3726848500002
-1561.3842217199988
-1327.18316605
2177.7537360300007
-270.876847590001
-1644.2329602499983
-29.138465979999108
-363.4670577700009
-451.16191579999963
331.14538380000096
-1763.22499
65.3266908300011
-411.9027975699999
-188.4232938999988
-1648.4721189999996
168.0643158999996
-1670.059248000002
810.0008369999995
-633.011414999998
-1466.3333460699976
-199.64145890100056
87.19087628000034
-1727.0515830000002
-1394.8520230000008
2207.1394749500023
-1689.0715870000008
222.81746840000028
-1816.10989
256.654127135999
-370.62774179999997
-143.44389459999968
-1772.135870000002
326.0117830099992
-229.13578359999966
-726.1371730999999
-192.9075043499999
-1804.5868900000012
178.7855264999989
102.26712156999952
-191.66736509999996
-565.153620000001
-176.26124827000115
-676.6130819999985
-1244.2339716799984
202.35759790300006
-1733.2653349999975
831.3769308270003
-1830.6211000000012
106.36202750000149
-15.741374199999383
-1676.3249268999984
271.5680289999988
-551.1265511999999
-624.0409199999989
-1199.5163721000001
-246.82556810000028
-948.1382021500003
-957.6092358000005
1782.3108292999973
-545.9282936999995
-204.18647828999906
-1728.4570629999996
-0.7674997259998652
20.142042300000192
-1662.0012169999986
911.2052660000005
-399.39764662000096
11.763862650000137
-799.6751921999985
59.81870342999962
-1822.0961700000016
569.2646150000007
-1654.558146200001
789.8204450000001
-1720.081280000002
-1782.7428399999994
943.3813726099986
-99.29444349999916
-1816.0269999999991
327.19616048999956
-668.6739000000001
2.4729004400000285
-597.975971000001
-320.89841504
-1801.4315300000003
691.400214589999
-638.9449572099999
-579.4256817000004
-515.4179306
-329.9701866000003
-553.4777161000007
-1679.1421600000012
1235.0401815390003
-720.1791509999999
-1271.8217125000003
-26.833176180000287
45.24331310000078
-172.9024567999999
-1601.7011530000013
703.2372184039993
-1693.8754409599999
-101.72702988600051
180.1102235999994
-1191.6777089499988
-313.0583930000007
-215.75744955999974
-312.3091002300002
-206.90874029999813
-1548.8803528000014
533.55116319
-325.161864
-1833.1462899999974
100.6358568700008
-187.4049676000002
-307.45978911999913
-502.3770431000007
-332.8846081000009
-596.7533584439994
-562.7450565999997
-1754.4274200000016
1097.0542537999972
-1158.8428895999978
110.64535219999941
-367.8208251810001
-506.1132308699991
-867.0410929999982
-941.4053317000008
-106.48137129999958
-607.2758055999999
-210.2418594499998
-280.07440319999944
-655.3795550000003
-208.09668960999997
-390.2263420000004
-268.30236026000034
-1016.601095
-1664.914156999998
1467.4197632000034
-520.3970601229993
-1916.8525399999996
401.5433696499981
-185.3792461999998
-1770.6702299999988
834.6914283999995
-257.3932194900007
-669.083451999999
-1766.792720000001
497.73790142
-638.0222056099996
-414.6631799999988
-291.1961523000006
-206.40813269999992
-1845.2891499999987
642.8854592100017
-1050.0651110400006
124.95922741199814
-1782.555680000002
58.96340329999827
29.08786739999901
-1693.5878469999993
215.9231493999998
-479.2030397000007
-513.5821800000022
-98.98272558999992
-578.4357109999997
-1412.8186634000017
-234.49116069999883
-190.76071989999977
-650.4091016000002
-3.8728583000003467
-573.9305499999975
-181.4559128000008
-1713.7239290000011
144.77034398999848
-540.3468178800002
-77.20845649999943
-362.06644619999753
-441.10058364000037
-404.54974204000155
-486.25657700000005
-417.0566198099995
-414.9529670299991
-752.8613827149993
-1349.6658650000004
1758.6139335200012
-1585.1884232800019
792.3503519999998
-864.0902419999977
-1018.2838876000015
135.234041799998
-924.2158339999994
-1043.4973298799998
52.243758699999965
-303.7496089999999
-1597.2452364999983
226.37630829999858
-299.7293168999994
-600.8320631999999
-282.2360096
-610.5180719150006
-562.0531282400005
-942.3903152999982
-1187.9895489099986
1311.3511028199978
-402.20066830000076
-602.9764593300001
-718.3275294999997
-328.70549303000166
194.21080540000054
-97.41702754999972
-595.8441816899998
-672.2377827000003
-1764.6533199999974
406.6768023100023
-220.67880200000118
-1358.619087960001
110.5409129
-248.0124759999983
-1573.3392793000003
314.79085190000035
-958.7666739999981
-18.53762774999997
-380.8625500000011
-374.4583870000004
-446.90515530000005
-1842.550330000001
104.4241216000019
-108.09408959999986
-488.07599999999826
-1340.917420563
-302.30589876999926
54.134720429999994
-458.76234861999956
-323.7724487000001
-1789.6228599999986
68.47736983999964
-505.95953949999944
-261.3700088500018
-466.6871248000008
-46.91024546000038
-385.2408656999989
-759.3447529999997
-21.40947143000019
-545.8620766280011
-451.020790000001
-325.71509860000026
-1617.708990210002
136.31183194999872
-650.3820369399998
-30.360289149999655
-1121.3815812999999
494.47361979999897
-250.4692291199999
-594.1403854000004
-623.2958400000007
-241.34542833000137
-1475.4437144000008
-35.111494500000354
-458.84600669999946
16.86687239999963
-438.60766530000035
-1001.7039902000001
15.443469950000306
-802.2208617000003
-186.8562885
-262.8875116300006
-406.13988257
-430.90358099999787
-1579.8064377999995
-199.6766613999993
208.2046027499991
-1689.595976000002
803.6367834000011
-512.0849279999999
-1423.264670099998
-1113.6244444500023
1585.4937987000021
-344.15595399999984
-549.9432908900002
-409.6365537699995
-326.7916852999998
-317.46096800999953
-580.0229667000007
-342.7994543199994
-406.09979760000004
-580.3205683999998
-190.35650135999964
-509.9540001400008
-797.724560000001
12.6331271899999
-1607.679218470001
324.23854628000055
-1865.6176399999986
142.6233291000011
-547.7455547999991
-123.47125429999981
-220.73992441000001
-433.52909300000056
-442.36630479999957
-654.8058135999999
-485.21328239
-66.57983058000032
-670.5873951100001
-1816.7316000000008
372.0544140200006
-53.4954333199992
-1764.1075799999996
742.2028688999998
-1354.9261953199987
597.9346669699999
-452.7717330000019
-467.7063255500001
-826.8411064000007
-19.03350612000014
-334.52462850000046
-693.8996187999995
-508.2318230500002
-233.1072117999998
211.98089470000014
-1525.8717476000027
8.246028179998516
79.41873369999922
-553.1880867000018
-557.0330857000015
-45.22670939999958
-1405.1592927999998
18.085337400000192
-485.75528300000195
-1274.8491227000009
-244.33216170000063
-102.95485990000009
-1742.271780000002
263.4072715000018
-352.24276499999996
-264.75757089999973
-323.18533000000093
-349.31375458000133
-1699.6370289999966
46.95065799999917
-1044.5139209000001
-124.96018600000028
-325.9647008999999
-671.9499868500005
-1766.0169200000007
492.4763937099994
83.28859467000095
-1753.838869999999
-79.83515868
-370.00083188000076
-1708.9566899999993
709.6806494999979
-217.47924596999948
-821.2395906999999
-1572.4295000000004
547.9703070300018
348.24770919999884
-633.1206900000016
-1343.9521166000006
-307.7545810999994
-331.10696590000043
-85.53606317000008
226.7880815
-557.4136876999999
-785.0115739899993
-55.940664999999754
-365.32419519999894
-1762.204859999999
327.5092334999994
-215.67986274000023
-1733.2607200000011
393.7422190020009
-679.0916777299992
291.3020885400006
-1521.4950192999966
-507.29058967499964
994.3645561000016
-1784.8440799999983
-41.55850208000059
-81.61485049999962
-225.32683499999825
-1591.0478741200016
-191.295562599999
-396.5926753900001
-216.74612349999938
-1666.1651054300028
868.98060022
-552.6297100000006
-293.64449930000046
-903.8819999999984
-1030.7662556500009
-127.5527705999998
-790.3756450800007
-244.5103518000004
-349.1889609000003
-193.68713609999938
-162.71355419999722
-1711.6973390000028
184.87007873999974
-258.01385103999905
-406.25069235999973
-1681.9467359999994
255.04636500000092
-836.1413000000002
73.64930858999996
-1786.888049999999
958.7929709100006
-419.5588904770011
-550.9245020000003
-320.29541010000025
-530.5315661
-526.3520088899998
-190.60688339999987
-1735.8325299999983
224.46190719999896
-1816.872839999998
916.8142317800024
-1201.044038500001
161.70950480000099
-801.2959970000006
-191.0425909500005
-290.8715268900008
-1836.9237600000017
135.07667532000008
454.09343246400044
-551.1709849999999
-293.83465774800123
-323.6113677000002
-462.56942929999934
-625.9547674000003
-224.9271609999986
-371.4933920699988
-790.6928346799994
-477.40017300000005
-315.03147841999936
-183.1468857999998
-461.03421024000085
-474.46395770000015
-842.2533747
-297.36880870000016
-203.61136710000093
-575.7016800999999
-459.41147500000204
-199.00204380000008
-1438.54161826
717.9568432300008
-578.3103630000008
-289.9081985999998
-666.0907079900009
-1851.0778729999963
323.99961161000147
-197.49545678000095
-238.62590177000092
-1840.7891400000021
-1203.54475635
-1363.8426866759999
2094.1014988399984
-1802.47169
119.77341734000044
-223.7503426999997
-695.4739518000005
-12.315808069998791
-450.9418930999992
-299.1730164000001
-37.09980945999974
-509.59507260999993
-552.3163410299999
-658.6681861099999
-62.98873317000095
-425.0052208000006
-523.6408565399998
-1842.283240000001
288.6417859000008
-153.00877739999993
-309.88955841000006
-277.968426099999
-832.2379199999996
-288.8961943799996
-1264.9919198000011
-1106.0247780099996
-897.886879669999
1400.38900917
11.295044190000143
-658.4033974
-160.01034359999971
-361.81615469000025
-333.2729330000015
-452.40604638000025
-1494.836832799999
-214.3819397000003
-277.2008488999999
404.74323579999975
-572.6353538000006
-595.9876712999998
-638.7948422000004
-1504.00805
739.2704994099995
-317.8983399999985
-1408.2306158700005
-1389.0679537700005
1232.182767449998
-340.19753428000087
-316.9048947000008
-1258.1345691399988
-72.7004232999982
-192.2810813000004
-282.1019653999996
-512.3990533999996
-374.89724400000046
-471.6998305300005
-355.2109179999997
-1616.7753407099985
-181.73910035000054
-93.52697740000058
-362.4608518999997
-1862.1727799999999
202.67567239999988
-313.98317495999925
-1121.1609921090012
1272.6407795020016
-1823.0070100000007
49.32042889999822
-53.44963809999969
-661.5887049000002
176.95951290000028
-154.97735710000057
-1813.3428000000004
33.77475990000097
-232.46251650000093
-1740.7052499999995
545.3379734000004
-1835.9533199999973
190.67159986999906
-127.52380000000001
-1854.66365
827.997310100002
-1152.4259798000005
-352.6500091399984
101.46759272999962
-1732.4756520000003
-7.46434650999963
-18.938464248000702
-1662.3670180000001
636.7156548400012
-1443.2675950900014
-23.944678099999884
-215.87374265400015
-244.01613165000012
-406.3092578999999
-887.3404400000035
40.73558349999975
-1781.2549099999992
895.9001239000002
-705.1726059999982
-1193.427302499999
85.19886650000029
-345.30220879999854
-755.1791112999996
-245.89307566999958
-336.0781599
-1764.256850000001
185.13848629000125
-51.11907800000158
-640.6842819999996
-172.31073316999982
-1758.9211200000009
-64.2032294000006
340.29642189999987
-591.8387259999995
-1149.5023546999994
374.48343233000014
-120.2313676000005
-1750.366610000003
113.96629140000013
-232.0449058599999
-635.2197515999999
-479.7663191
-550.1417679300006
20.510280000002783
-1481.5059532999983
59.947940500000804
295.8597184299998
-1718.1743920000008
-1794.256970000001
1322.1075156999984
-401.14833350000214
-383.60589159999995
-700.7000514000001
-656.9566764000006
-276.3447280299998
-47.474918299999715
-821.7693163600004
-567.5869779
22.25161419999929
-502.65435100000076
-348.5296322000002
-353.63653713999975
-651.3831759999999
-135.353393799999
-558.8056460000017
-524.0468069599998
-501.37179470000035
-192.55328600000098
-1523.3125933000015
178.14736024999976
-1785.0436899999968
847.8296144999995
-42.26694018000005
-1257.1121335000012
171.2211754400004
-518.4080559999995
-329.6261181000004
-384.33279029999915
-1717.0192999999986
347.46434000000016
-1604.45560933
349.3729378000002
-1174.4145209999995
636.21556758
-411.9078220000005
-634.35944483
-350.3694299999997
-1414.9928593999996
280.36084220000043
-1027.6075749999995
112.70955210000103
-745.0979476000002
-126.49263899999875
-354.0969360999997
-543.9566538099992
-1809.2368000000017
607.4189389999997
-1590.687420900002
-16.65494729999982
-92.37510090000106
-435.9597806000003
-393.56971372999953
-441.7998910000008
-615.8588460000003
-301.3616255999993
-1557.2722126000006
-925.2389732999999
-1654.8053929999987
660.6398671499988
-193.1442846000004
-686.1630412999998
-384.36174970000013
-654.8581513100005
-1754.0868700000024
1035.7082600000026
-1600.8285540799993
737.8155857500013
-1439.8549915000021
-1777.628530000002
1144.086001099999
-364.0628363600004
-375.3353573700007
-1728.7164899999996
-39.63700004400024
-11.710707779999046
-599.0100852600004
-732.9231236599998
446.2441753999995
-1489.2449638000007
-36.876615600000065
-355.34451009000014
-165.8276349899998
-393.77014100000076
-1769.0808400000012
393.0624821399988
-385.6944980999993
-464.43461979999984
-1765.5867599999992
605.5998988000024
-632.3756537
-230.03114660999955
-558.2037809000003
-1838.1642939999974
788.2042984699988
-1719.6207769999994
-1277.7960260000011
946.4211936799985
-762.2459139199998
-46.8989007999988
-1624.2057749999972
-1488.2076760000014
1324.3435766599996
-754.630982
-353.18000489000036
-122.96782291000014
-636.3718385800003
367.26137234000026
-1740.7654929999987
86.96714460000001
-133.8505386900001
-753.0586575000003
-222.33224491
-296.178158200001
-312.4453707800002
-607.6414729999998
-1414.288938320001
38.28422909999949
-1654.0034859999996
843.8415560099992
-1735.2806100000014
324.6475090000022
-387.9997328000005
-781.3531699999994
14.782225000000441
-565.0160700900004
-325.1558370999994
-794.5897623999996
-561.3644737999995
-959.8816517
140.06778899999912
-989.2950029000001
-510.0692691700008
-205.17774940000004
-426.26301800000385
-1229.1991504999983
-1640.645930000001
579.9764416999972
117.17286940000264
-1731.9595430000002
-1621.3543149999998
746.2995628999961
-467.9137950499996
-283.3038100000001
-1049.67087886
694.2112512499979
-1751.5966859999994
107.71391861100047
-674.4111863000004
-36.23285210000058
-384.0306180000003
-468.7019706399998
-1839.9849700000007
806.8397370399995
-138.17077809000008
-643.4127663000004
-1823.7794200000021
292.1392801899985
-220.1053021
-176.24160149000022
-680.4240846000001
-524.4488799999978
-288.04661940000017
-559.5097674999996
-98.00467110000001
-1778.3314600000012
180.69143670000017
-530.9368963000005
-64.7352899000001
-384.31760433
-957.7000401300002
-1818.4497999999996
578.9368364000005
-30.471851399999377
-1804.2265999999972
401.8914706000004
-1798.547109999999
539.7938488000005
-292.0222089000004
-672.5018329300004
-148.34634000000105
-1591.4498569500008
178.05698309999934
-335.109161000001
-1529.387488300001
11.06710340000048
-495.2211954000001
-384.6859558241008
-223.1674568499992
-548.0405690000002
-573.8567337999999
-1875.8939299999995
782.2048808000005
-406.5368799999998
-1373.8332503800007
196.8138658100008
-1871.07385
102.02857838999988
-262.0113708000001
-592.4366783699996
-377.6038176999994
342.1031757000006
-637.15787842
-232.70075287000077
-1486.4246860800015
-208.10717909999926
-87.06188082999958
-352.14152999999953
-1614.7601312000008
906.6575371000001
-1689.224080999999
410.4241744500005
-1049.2695066799993
157.78494089999896
-624.2012300000005
-178.52064639999995
-1929.3495600000008
349.174449
-199.85856999999902
-1586.083145309998
279.3366001000008
-488.7298574600012
-325.0817757000004
-448.65146809999993
-535.6354296600001
187.30619695140075
-686.3266669999987
-1205.8723758999988
-37.03343379999955
-196.4049586
-782.8707663000001
-111.68754160000009
-520.7223940000008
-359.6637877399997
-634.4459340000003
-1179.9153869400006
139.2746689999997
-562.9819927000008
-262.66812337999994
-491.1108882300001
-696.7509879999974
-15.692816600000425
-558.3284690000003
-1740.013709999999
145.93203640000002
-300.81963430000116
-223.97516420000036
-742.9847718399994
-1881.336789999999
607.4951881999983
194.06167033699904
-1652.7272019999998
322.1275209400011
-1726.5568199999993
-135.65760909999824
-205.91983640000004
-1653.201627999998
503.2471798000039
-1729.4301800000005
786.2108789999987
-1517.5093496000004
326.88713099999956
-1027.2275616999998
-1757.6102100000012
892.9676705
-713.0853472999995
-1755.200949999998
763.3911918000017
-283.1736519100002
-1754.2805299999995
637.8593711600004
-542.2067831199995
-1805.9279129999998
1154.494150639998
-1710.0880969999998
357.8936980000001
-1009.6953175999995
137.61811610000066
-1131.156555759999
-200.3155489000005
-276.35339968199946
-207.8018578499995
-908.8196674999989
-1620.325365344002
798.4130301500014
-1122.0222531699997
44.08941165999918
-710.7460143000004
75.46247740999989
-1124.3199146999998
36.172842699999485
-404.3370723200009
-287.40335179999994
-481.95699000000025
-634.3507967000014
-295.56384959999986
-614.6727252000002
58.43538489999992
-1139.186111719999
-36.71442658999992
-466.4635269999992
-377.0216843999993
-312.31439483999986
-424.6526529000005
-1263.925455648001
323.41375590999945
-1145.0122106000008
-241.33766533000025
691.4432967400008
-1777.3157200000019
-1052.1674958661004
1198.3119314799999
-1235.4092432499986
-1045.6933165
915.3170884459988
-697.2583493999997
-142.12616773000084
-917.2772837000003
155.81593105000024
-1239.4091742000005
-862.7644744600028
513.9513347000001
-590.2674496
-281.6747518000005
-153.1032406999978
-1721.2497079999991
793.428617020002
-1512.1371892
-954.3692351499998
803.7401650930009
-188.5371576000016
-928.9845549999983
89.28216365999998
-1696.1714420000017
778.939078039999
-1771.73623
786.9061948699997
-1543.1991113280005
-215.0920307499993
-607.61808859
338.63343190000097
-1802.9837800000012
118.84047817199999
1227.8028556080021
-319.7215406100007
-466.1976612
-1777.2230899999993
408.7688155599996
-1819.1198930000005
-1225.3683206050007
-1044.3521557515992
2430.8684319629983
-1662.8158324999995
-790.0621925910008
-1523.1753320000005
1106.2462146999958
-183.75266190000067
-542.5991459800002
-515.4046894999988
-345.22144667999993
-220.586176920001
-217.08167455000054
-353.0554604299992
-817.8618610000001
-36.27957940000019
-385.0347951399998
-581.5100650000019
-232.68653850000126
-1756.4326600000004
358.72509719999925
-504.9667850000011
-314.69670866
-586.2967205999995
-80.65854300000002
-1264.811878600001
-75.80952089999916
-155.43575138999904
-596.736805999999
-1378.7023176900004
42.03915081999916
-1773.1102600000006
600.1272722000007
48.85788789999988
-402.39758960000034
-1812.639489999999
166.77433559999952
-111.91656000000148
-567.4020313000009
-540.8477021699997
-1167.5638993000002
-165.94076090000016
-1843.6083799999983
463.8535737000036
-189.28380440999962
-423.84579225000016
-224.92956239999947
-497.0423557999993
-327.71408552000133
-1717.3725299999983
467.893867839999
-605.4212160000009
-596.1973977000008
-1181.8984811
234.52732011000012
-345.2906973000003
-676.6248257699996
-131.83715824999962
-903.2486500000005
-990.49203241
200.21553608000215
-1696.9419799999991
159.54859650000094
-1817.6717399999989
764.5045055
-552.0442369000002
-1853.606379999999
484.35759000000377
-281.6447147000001
-345.8928378699988
-391.6304798500001
62.12031746999976
-685.6027369999999
-1294.6271473000006
113.0514741000006
-776.7792358000003
55.918556149999894
-1075.1598062000003
226.91543937000029
-1788.8868100000002
119.94795641000165
-1742.6112100000025
412.8647973099982
-132.67988690000078
-253.23659299999892
-527.1511540670002
-1676.7792820000036
598.9898255000005
-633.0681158000004
-236.87677800000085
-337.32336399999946
-426.66999389999984
-1837.5641699999994
759.0420840000011
-1687.063255600001
338.67452507999957
-1831.0763100000001
767.2332157000005
-1868.4598400000007
-1145.6056051400014
-258.9984293000004
38.36765702999951
-1863.9072799999992
744.7541028700009
-448.97288709999924
-353.1344462999995
-1773.685250000002
257.8743828000008
-1835.0339699999981
537.5488766000007
-1819.193249999999
435.2233189999986
-425.3430773
-1159.4323744920016
-1282.2694039999965
1183.4211753539985
184.02632599999964
-430.2267747700004
-235.36100344000064
-264.49596769999926
-521.5553046399995
-420.5526062000001
-232.13600580000053
-1515.527824200001
965.703056239999
149.67219390000042
-212.45410779999978
-555.6182235900005
-644.8418359999996
-183.13984131300037
-354.38250009999894
-419.5619927000008
-310.4331497299994
-1452.8916574000011
1293.4784806809992
-405.6809190000004
-118.57482417000008
-1844.7364299999997
-801.346434030001
1028.0514038700035
144.1537471799997
-1442.82025241
147.68295870999987
-291.3384823
-1679.850717000002
819.1869045399995
-1654.813695000001
101.04184050000038
60.205897799999384
-1352.45311996
66.86892039999904
-486.5476901999999
-348.3910736000001
-1792.8835100000008
351.4922051399995
-474.44951104000023
-1885.1340299999995
421.4667972999996
12.46764239999875
-838.5047538000002
292.67563837000006
-247.9706265
-597.4789986
-381.41796560000046
-418.72510460000007
-459.26498000000043
-160.23039839999953
-1737.6021109999983
226.05349259999932
224.14830048000024
-600.4541773999998
-205.63172439999923
-455.67800780000124
-523.3876905000003
-475.3936100000011
-1387.8604081
-238.52290169999972
-260.3451336199999
-99.27580977999898
-593.4481552000007
-529.7722309999996
-368.0784259699998
-346.9813286100005
-384.7312291000005
-416.92610949999954
-17.755942159999414
-385.55240482999903
-473.1415170200002
-314.5962469600006
-1718.7610939999984
-17.76092214500006
-107.14696763999821
-540.8341558000002
-435.60359000000307
-483.2789931699995
-322.1568919999985
-492.68047000000126
-35.5030352999999
-735.0495898999988
-16.281115541000542
-587.9837900000027
-1560.7432505999984
653.9323162
-422.17180479999854
-1278.3908016700002
-69.07835599999935
-563.9031713000002
474.2596050099995
-648.616233000002
-511.3909857999982
-1278.300226110001
-22.544715279999497
-1892.4332600000055
369.2828398999997
-166.72888950000007
-415.04010750000003
-456.6088201999999
-245.98013880000016
-1831.701790000001
1077.5514004299982
-1753.7679409999992
-178.6217576000024
-254.89365187000067
-374.37785749999983
95.92764519999922
-1721.9345269999974
142.13650971000013
-205.6053994999996
-508.2656009999992
-1578.9877908000017
488.4657489999998
-559.9160554999991
-995.5251231000007
349.05728376000116
-736.8401367999995
-106.29379439999957
-1738.0579900000014
113.22625112999945
-108.68206220999984
-234.66809749999882
-438.5408108599988
-1891.9196300000003
-68.78271325000098
-248.8637856000004
40.73484739999868
-794.0209367999989
-382.15271540000003
358.29524180000016
-1557.904519989998
260.92780590000115
-664.6874404700001
-274.57511658800047
-1792.3571699999984
153.87003890000122
-243.67501400000026
-664.4324538099984
-1123.635043400001
9.745727900001043
-309.72790220000036
-1851.5117100000025
63.80081627000117
-306.6679806099995
-460.58202220000067
-160.07027193999886
-446.40089670000026
45.599054130000056
-718.4753394999998
-71.31546800000153
-459.3418359399995
-544.0027506199996
-18.6028631900001
-1293.1688405299992
-71.60513469999957
-1820.9825300000002
522.5794470000028
-1044.20971469
28.152721899999577
-308.2476065999999
-505.2429323999995
-812.5273863000004
497.5151450699997
-1471.4029630999994
-216.66815210000019
60.25579039999978
-1775.7590299999983
60.22290003099932
-407.5837997200007
15.668384900001067
-1787.8555909999986
20.273954009999926
-355.1295702999996
-525.0902388
53.26752500000072
-544.874706599999
-1419.81347631
151.4831875999996
-1844.3520999999978
197.32121810000137
-430.4611514999994
-326.6365681599994
-399.30919586000033
-270.46322339999966
-248.35748005000085
-1725.8087340000004
-872.1848234990007
-2.118016039998962
-858.9691868999998
135.21024699999842
-1647.925398300001
35.10296419000093
-574.3635386770003
-462.6294416000004
-64.14260870000095
-1839.458559999999
311.87663530000117
-13.772684789999632
-389.55894315999905
-1703.726854000002
-107.18524349999745
-309.4176621400003
24.53267079999946
-1088.8918319
97.06793159999977
-436.47373100000056
-1437.7293288300011
-24.774528100001234
312.7376120999995
-1594.9949128999988
-33.811446699998676
-572.0841149000005
-43.58915360000008
-322.43529529999887
-432.3021926200004
-383.3541910999998
-593.9102508999999
-1760.594330000001
328.9750785999994
-122.10354720000001
-1784.17051
90.88677559999931
1024.7341032400002
-752.4518828000002
274.85077369000044
-1705.5106510000019
608.5005403299987
-175.04036202999913
-728.1909166000003
-172.25772221899922
304.33107450599977
-711.3964594000001
-865.5575985399997
718.8205651199982
-1662.2780180000013
-79.95213129999931
433.1400597000005
-350.2733581
-322.70114119999954
-1102.7979179500005
-299.3313119000008
