-1370.5330280000012
-1982.4070900000015
-1538.4524299000009
-558.0430712999997
2666.8635168599953
-1769.5665039999988
487.3046908799999
746.1029880399993
-1435.4614451000002
-419.46716518000073
-183.49306168999937
-643.3298752000004
-510.9884751000001
-236.74426951000015
-136.0491139600001
-1209.2529368199985
-1462.537581
-2062.874810000001
1516.1466630000032
-742.8235923600007
-521.7600710000004
-448.2906648399998
-1448.4399460000002
385.3174606000007
-537.4574675804994
-53.707929099999774
-314.4830457500002
-1886.365890000001
721.8291409400006
-443.2892416000003
-898.4595203300014
162.63837846999942
-768.9817565999999
-19.11680605599978
-237.83004209999922
-459.05093695999994
-1480.2454939999986
260.89598510000036
-460.7959578099994
-1286.9596869999987
1082.3032374459003
-1139.1387869000007
-34.14360795499972
4.671756600000296
-347.0825348
-330.6693186400009
-1001.1230773775999
-152.74561129999904
-338.2957481900001
-132.98728779999956
-695.1273856199999
-1471.712671999999
655.6303934300001
-910.6016187000004
-273.71314800000096
-686.5533335899999
-1503.0784600000006
97.78889639999787
-50.06142546999965
-506.62803040000045
-1351.785827
385.8790040499997
-1674.6620570000007
-909.0962559999996
1034.935949159999
-1434.9778389999994
-119.85649834499976
805.0657920499991
-1464.1880674000004
-314.1319105000008
-172.05380182299996
-558.5100941000005
-274.7572736
-512.6361562399995
-248.06673733389985
-1771.1495803399998
390.87937243099947
150.6205481815996
-693.4017075999996
-487.87353595999986
-1695.5053960000012
540.777397909998
-1659.8546423300024
-2095.7341999999994
934.4655489599992
-586.5428845999988
-1854.58695
853.0358643300001
989.8403226830005
-436.8954132299998
-1458.9497570000003
-101.1824811679995
-323.72841949999975
-686.1692415000003
-244.46063121500018
-245.55110779999913
-200.52357349999988
-255.96839600000015
-1727.278496060001
-767.0506724000007
-820.8098052399996
1614.3549654699996
-470.4617850900003
-608.69442633
-325.5574567399994
-1026.9698279000015
14.10225863999979
-1180.8818348000002
120.69513799000117
-202.23859900000014
-740.1121971499999
-1694.390374000001
1036.322197233
-633.3226930999992
-1219.8965055709998
438.2097488099994
-959.4193492500006
-647.38582649
-106.22606973999932
90.69610041460045
-1847.6959800000016
248.68803229999986
-149.10119300000147
-713.673697160001
-456.10559579000113
-1593.7145180000002
-1533.7796920000005
587.3594314500009
-224.84139223000173
-1751.8238029999998
1102.9817051900015
-1736.34005
332.9371348999993
-1789.8127130000016
993.1749622200001
-803.1571787999998
542.6582809469994
-40.09279077000045
-638.3238234499994
-318.8596873499998
-812.0851068000006
-1291.5492370000006
395.5815022999992
153.53248830900034
-1789.0740900000012
24.916648420000122
-1898.5586900000017
913.6687365000001
-688.4902315699989
-1962.7359500000005
657.6682150000017
-577.2549307000006
-1176.5862410999991
-363.229106600001
267.0383273333996
-1881.5680600000007
364.94200248
-444.00828300000245
-1517.2538599599989
-1944.4917700000012
1299.1352749999996
-547.1111455000002
-1791.7663499999983
29.148839700000515
-575.4301893700008
167.38094265000015
-544.9908646100016
-669.3623672000003
-1164.8045387800003
-27.389100000001513
-662.0753306600012
-491.86229785000046
-290.89758949999907
-943.8490845239992
-62.67512100000092
-1264.6829298800008
425.4053513400007
-896.5912646405995
-750.17740617
-496.3181471990001
-128.25297555000031
-1707.5501020000006
-1420.2995220000012
1389.4809570000014
-1700.424957379999
-1851.9053100000015
597.1944835000048
-1727.3512730000018
1002.3016647600003
-418.01801904089945
-287.41131659500047
-121.87828599999932
-559.5470224299987
-768.8615477399997
-1805.3007199999984
206.3529653000008
-1511.2003536000002
925.0048790999995
-408.5812709899998
-864.555839000002
-1187.1510427000007
-11.2860832520001
-351.76263118000014
-537.6823700000009
-367.9193346729997
-471.9767894
-1528.3031831999995
-11.530392460001567
-450.54982592000056
-212.97919320000005
126.09994669000058
-333.0085782300009
-311.3134990999999
-763.9230404999997
-1506.4764400000004
140.46510390000043
165.37893320000018
-392.0478027000006
-980.1075932000001
-1090.1605527399972
385.76925882999956
-317.90019100000274
-525.1155612900005
-425.6172663299995
-1415.5522126
853.6234503900002
-1728.5276129999993
348.2021993600001
-8.675232565000012
-779.6279084699993
-231.0158648279998
-298.81978819999927
-1177.4970939999985
224.88182099999958
-460.6722468100005
-1039.0183107899998
589.270619030999
-1508.3486288000004
-411.1350701999992
225.63790543000042
-448.7528099000003
-1389.4085669999981
286.584541
-760.539125200001
-404.7718834010003
-1889.5224299999998
792.9630360700016
-715.2977871000003
150.51573627999994
-61.62892782000048
-658.943691258
-1717.3793299999988
194.77923479999913
-536.1736620400005
-1777.78779
-1669.7872799999993
-1823.7364899999982
2109.8049519699975
-340.40874180969985
-1549.3710079999978
1232.7903992759966
-1615.7800733199988
-62.3333065999996
-456.752496299999
-697.0377258200007
-1927.24594
-1804.9061100000017
2168.5141931500016
-623.3435241900006
-1831.6066299999975
349.24525905000064
-1721.723592999998
679.3296466999991
-896.4666672299999
135.47686419999937
-1083.2871455000002
-29.063692400001237
-1876.0889900000004
365.34429419999987
-450.4853194999999
-1832.8179800000003
490.46064359999804
-347.233639900001
-539.9758371999998
-218.97052567000014
-663.9620772900001
-1874.7498849999988
108.47233039999738
126.26836769999915
-746.9349443999997
31.373488500000043
-1116.5365035900004
-220.6631759999995
-318.3660613899995
-452.440795000001
-714.2210376799999
-227.21746630000212
-1892.4502300000004
954.8408110500022
-599.7266783000011
-575.0802876799992
72.49459367999994
-946.5030210999989
119.61051495699981
-253.53499723000115
-535.6383593999984
-1202.3148283800008
-90.22755360000096
189.66290083000015
-1555.9471139630007
-295.12568916399977
-347.0864514699998
102.5264949999981
-1333.2047632000001
-720.76651069
164.6558856410006
374.0679095199996
-49.03528282000021
-1481.5431660000004
99.32235789000008
-141.14931441000047
-893.7384032599995
-135.8274550399994
266.3635609200007
-30.10415045999997
-1427.6827890000013
58.739497189999824
-283.38110640999975
-812.295139300001
145.56492250000022
-499.73088684599975
248.40735436
-289.63929459999883
-551.64452213
62.88757620000017
-156.71610309999974
-1452.8124700000017
-81.06495627000048
111.06544556000011
-285.15037815999983
-13.64900295970029
-1415.353401
-66.95173966600055
-543.9782900000012
-319.9986063099998
-393.58413466999997
-263.3181589399997
-1599.2422860000017
304.20924994749964
-447.3661316999989
-432.03846429000043
-459.5470209199994
-1573.0079600000004
876.4516979100009
-765.2094100000007
16.30433130999983
-791.0653360000025
16.935614369999335
-460.72813156000007
-1222.1521241429998
538.3475413600005
51.70804641200007
-1386.5156490000006
-256.4948537299998
504.75886943999933
-188.44066037000002
-527.9759855999998
-1422.7657949999984
-1637.5023570000008
1687.352424689998
-405.285023000002
-50.08194616000042
-304.26631460000004
-21.070131280000354
-321.79713648800015
-196.63345152000002
-87.44906096999954
-684.9399227000007
-622.6235664500006
302.44536629000004
-541.4576216999995
8.450797273999802
-416.37054520000044
-535.4765349399985
166.99791879999992
-582.4574445699994
214.3912336799994
-762.7896359560011
213.83913888000004
-1185.2583837000002
-43.52815323999971
-1326.0006559999997
612.4548485000001
-998.8624241200007
544.601574729998
-312.8188404500001
-59.58514365000026
-392.99835606000033
-102.16274112999946
-652.8610568979993
277.6026778399998
-109.8128941177002
-194.39423945999994
-793.2594197353994
-1434.2613320000003
887.1380554100004
-269.07212620999985
-166.3139633800006
27.870944630000217
-116.6827568347008
-229.64619839999997
-590.4878764699994
414.8838050399995
-423.3408922699995
-287.78054240999955
222.90095609999983
-214.55768623000077
31.91555866939982
-277.25470036000104
-538.5013594500002
482.4511787399999
-209.40460273800025
159.62774449999998
-347.6528209449998
-105.59023603299943
-193.97579686999987
85.32412823999955
-611.4518900399999
203.6798144189999
8.312064001999754
-63.62618580999965
-294.24884154000046
53.73701213000072
-285.1119210099994
-20.561457699999966
-106.14689989000013
298.3533482000004
-1523.1677800000011
-31.543624459999915
-243.00904350000022
-53.71200143000022
-253.85826193700015
-1068.08309716
536.5266128999997
-659.0995812114008
-241.96321439999963
115.91620657000055
-529.2116242800003
49.24122896999979
-252.87017093000057
-44.378710939999856
-247.97575146
139.16028466000031
-354.48257240999845
-128.36994407
-98.04448596000013
80.58112090600015
93.89982308000006
-257.05222273300114
-864.4676465999997
306.6999379939993
314.1858045799999
-242.30989111799983
-567.5186611900009
-37.456411900000255
-123.96557560000014
-351.42383789999997
-423.7066830000012
-1062.1961471100003
498.33887181900064
-74.69931367701959
-60.72972616999994
2.586256050000326
-566.6430047999996
5.014055131999468
242.23232983999955
-214.47047824000012
103.6607136299999
-98.42116112739973
-109.171351780001
48.22926653999985
-368.5248640699993
-568.2053839999993
-188.79784107999978
-279.89798971000033
239.23618413700027
-1216.783004000001
-45.87673363199952
-495.6617294099998
-1375.3203560000002
356.31175375999965
19.240510859999606
-199.30708272900026
-924.2322551357003
330.78807672000056
130.80712289469972
-39.70741422100007
-403.8827139999992
-275.3215296250007
-226.5423603500001
125.03595295999999
-356.84858879999996
-1334.4191660000006
542.3826025600001
-232.00237752000004
28.52463399999988
-222.52754866999945
-341.44098627000005
-512.6550588000007
252.63096621000057
-357.9269631
22.996204904999985
-103.72444953000044
-1202.0540304200001
443.4855401299999
0.5740687900000037
136.66932287000026
0.5973005600001544
-710.3350490119992
356.60021627699945
-501.4763628450002
-36.785364559999934
-700.4793835716999
171.36903720000015
-272.61335839999987
-97.93603286999982
-4.7693277999995125
-487.4910098940008
144.95090320999995
-954.6489548000013
-12.914687769999649
-354.2607488752169
-115.03183484700044
20.755251864999636
-395.37554409999933
-486.6488367999997
-1475.8311939999992
116.75500289999978
133.83893794899933
-171.63182281000016
-578.3041230000014
-6.029335660000553
162.28976011000034
-425.2714729510003
273.19512520000075
-173.96097991999983
-557.9376271099999
121.61655390000011
-267.59855630000044
-201.32395647
-331.8962332200005
-111.04872634000004
-151.78967719000025
-536.8822093900002
-412.9562335500007
99.29945081000022
-124.76265233000034
-446.76358689400087
-555.2912191299995
280.7573195739999
-604.8624811399998
227.98251299999933
-732.2376896169993
381.17112760999976
-83.34451740000037
51.169990000000006
-259.1255665200003
-1406.4306300000014
384.85471510000036
-416.1301402200001
-316.07264758000025
-44.72388905000055
-45.49858722000052
-354.98926994000067
-292.9504000000003
-703.08331187
-247.48796853000002
-210.87663736499985
103.21567972999969
-271.56070056520156
-4.257670810000022
-279.30988069999984
-866.9868595600003
26.65737830000029
-793.4063719999994
412.6811539999998
-288.76089889999975
-317.1262219999994
40.859983639999776
-326.7315187999995
-503.02029409999966
-1457.874810000001
670.5530830509991
58.95521486999995
-397.60373404999956
-297.6508583479998
-1276.7608229999998
-199.01681446000094
400.30241181000036
-600.8647857999994
15.691296419999953
-338.1315649999995
-120.9372018340004
42.39448233000006
-636.6443556899998
-518.4788803196001
724.7794517700015
-19.50979429999989
-744.5908069499995
346.6273077999988
-1399.2798729999977
-296.0383362000006
-113.28659357999986
-1112.630555479999
-272.95272866999994
279.78887337929933
-280.29693104700004
-462.9752682300003
299.7376467799995
-411.52386319399955
-1371.7197000000012
222.38337637699942
-390.0291517000003
-428.6406460499999
-386.18329329999983
-437.24603146000055
-420.425429619999
586.6871332370002
-363.89831275999995
-214.5225317000002
-338.27805399999886
-514.138113021
-1568.5152799999983
999.8085508400019
-1196.2948900000004
158.46643239999975
-491.79127849999975
39.94942448000023
-669.0313690000003
-98.33392387999919
-531.9080539999991
-143.90574345000053
-420.9619252
-134.37605115999997
-161.7378682999998
-370.03781015000004
-1411.8335970000005
652.7120619899994
-5.255658898000282
51.0085678200001
-707.6017897900002
-251.54617999999988
-240.13675431200087
-408.9577275699996
-284.3272117999996
-654.4515011000001
-66.12108055999947
-3.216561425000131
-576.9207001999994
-1323.3939860000012
118.19453864000042
-76.3501158169989
67.01788371299953
-6.62136048999986
-513.1916779999985
-553.38611979
290.22174337999917
-365.4514786000003
-620.6246543879998
-216.22245461099948
-41.55021040000022
-438.46539133999875
116.25524901300051
-1397.0770189999996
560.9533381999998
212.70103076400005
-262.71212599999933
-621.8719478499997
15.12275582999974
-203.2607202999998
-210.366122254
-170.98574011000017
-360.5700313900005
-442.6959920000006
-187.19092856999922
-1272.6800320000004
-24.446721496998663
-27.438716499999714
-1438.382600000001
-1368.940094999999
752.0910246899991
-261.57640990000033
-154.10202651400022
-232.15585849999948
-78.46424487999992
-331.3741670000018
-316.09410117999977
-291.43913699000007
-514.0957338700002
-391.59209942000024
-369.80251598999945
521.8042572499999
-389.7325822884999
-6.789413300000335
-447.49608519999975
180.23741029000027
-967.3637605000009
326.5407929900004
-330.7162280150006
-932.1582820999997
282.4395610299998
-92.70111745
-391.719157070002
-449.73427150000055
-146.9157241800009
-76.35662201000014
-1422.5167059999994
79.01006042000058
176.2468488699999
-337.5783732499999
-1387.6725370000013
849.0331321799997
-1205.2141806000009
-179.33745095000023
-279.13565266999996
309.44937039999934
-252.38503089999983
-295.1686124400007
-98.2206967799998
-510.19036657000004
150.00350092000014
-228.67052405540022
-1079.113925912
566.9296405560004
-769.9355169789992
395.15601232999995
-1149.7988654600001
-168.01383000000038
-510.56801152999975
-212.12984834000025
-115.7713839999993
-1233.702147099999
271.02335146000087
-14.300830179999735
-358.50180918000103
-84.30703164000028
-381.4345300799997
-623.3793383299997
409.05531664999927
-640.2576650000008
26.56136560999999
-1338.6429019999998
71.9593243399999
139.10722888100045
-281.78203660000116
-676.9164098000002
-372.3374490000004
106.13927963999916
-212.36206329999973
-626.3115429999986
-28.619861220000335
-38.95198803000022
76.76362521999971
-277.0280064123013
-119.39802818999998
-614.9510397999992
-130.54936515699995
-194.28572898000013
-21.72275181599988
-1170.5189513499981
343.88807127000064
-1026.388034700001
-86.93995821000033
-484.5679649479991
-443.6069578999999
375.96530614999966
-392.46993423800063
-181.90362202700044
-89.23538968999992
-761.9297588899998
368.9053790300001
-220.9791425699997
-61.40000230000008
-1323.9394522000018
-83.518231549999
47.718646692999336
-320.0679030000011
-295.5353475799996
-360.32863957000035
-467.60627577000054
-379.0114059999986
-119.0650259899995
-418.5667101700006
-555.7548940000001
-166.38623129999974
-175.28465020999982
-399.77908911000037
-134.57811498000012
-511.61473229999984
-929.5390984000003
-132.68597139999932
-387.6216931800001
353.4784675559995
-323.7438679899996
-392.0379671999999
-232.7137255799997
-247.49393276000075
-304.2882473600007
-276.7909134099997
-366.00168668999936
-405.4774240000003
-209.65243209000096
-149.9693054769998
-301.5496605400003
-1323.3466879999992
346.97514300999995
-241.18503959999936
-563.0781960000006
-396.61189517000093
-64.30660906000045
-324.97777503999936
-281.3619850000003
-1117.6006430000002
488.0001134699984
-459.1749219999991
-258.182813201
47.60512453000006
-159.8306012299995
-680.0339510000008
-817.5518532499999
-70.62876687999993
244.39390634999998
-5.26196579900001
-507.0467842900002
-204.82748150000015
349.55513638999963
-489.59196539999965
-910.2153014600004
-50.439186430000575
-442.6831421999998
139.8635579600002
67.86245874999975
-519.4932752000008
-72.49864405000034
-287.37211629999996
-487.36737288999996
-603.1147190000004
-757.6059811099994
-361.1479242000002
-173.2676996200005
-4.787196359999989
-1336.954225999999
649.1790860639992
-357.69257273000005
-209.44766761999983
193.11273014519998
-270.4941951300001
-1150.3763896699998
473.00304688399893
12.326805975999878
-243.2732496500004
-298.4636965219999
-1458.7768840000008
665.3135369899987
-1096.930045149999
473.2118351199997
-311.9691071000001
-463.52299599999975
-158.3056921000002
-510.9493856000001
113.71145282569992
-123.18573108099987
-229.13262530999984
-1313.8673930000002
288.59211600000003
-335.1170165999991
-29.159761819999762
-449.7448169
-152.0789022000002
-1307.397253
-1395.1343240000024
528.7682360100004
576.607045961
-402.69933978299997
214.6429807299994
-403.2570654800003
-223.62701202999978
-299.60880721000007
6.7952614420000845
-507.33892541999944
-268.1478164820004
-364.4692331599997
-347.0882090679998
-192.90323456999997
-129.55689523999988
-109.74457466999982
104.44458304999984
-1281.0103831000022
16.54067261000014
-146.9717453000001
-594.4296332500004
266.1374901000006
-282.71402395
-213.1874645
-396.9781545900002
-266.78728018
-527.7687013520001
-246.2707060100007
-292.10648110000125
-219.13213642000028
-95.41928784000004
-106.36172497000011
-593.8330457000009
-263.54685220000005
-1393.0493179999994
212.6732713000009
-77.67191992000048
-124.02788356000083
-415.61035474999915
29.864568859999714
-130.81782948999995
-1014.2311825
-147.1378680000026
-96.29235779000042
-370.7324888620003
-374.25214421999823
-630.7625420700001
238.6473580899997
-42.761186959999975
-217.3426359300003
-548.9570739999988
-243.84523307999982
-387.91305148999976
-763.8532087199998
114.79500288999948
-515.1505629879999
-399.5969860799999
-133.85972460999912
-477.26872216500044
-365.16352530300003
321.4228803300005
-271.4841426299992
-466.1389096729997
-232.3220320300007
-475.2823996399999
-353.16288508800056
-100.81168846000006
-1231.459214600001
571.4483753700005
-1091.5121201999998
48.40961923000027
-334.43165500000003
-363.87207075
-1388.5687080000012
488.11540164999934
-764.5122066999999
-166.70851528
-273.08298205999967
-330.2927780800013
-361.49048868000017
-728.0050813999997
100.27390027099986
-1237.9008611000013
496.9038674399989
-1359.7965239999974
684.8965620300002
-66.65831356099974
-337.8054318299994
-59.92438782999974
-162.71611337999983
-1195.8636491999991
148.81547719499966
47.30823361990037
-384.1845552600003
-329.36934773000047
-585.6285476500009
-52.950415699999205
-103.01372926000016
-55.69169049999974
-1004.7087729999984
-5.5203283799997465
-473.32102096699975
413.66435170999915
-267.01061133999923
-431.55107100000026
-629.5783378200002
2.8096985959997287
-198.6601770099997
-459.53959257000065
47.22895899000012
85.26422996000007
-299.84708817999973
-87.65828009999983
-136.5263729099998
-1362.8901339999977
171.11416499999967
-302.40701855000117
-439.7103819200002
-234.28704308999923
-509.7726374799986
33.374263299999946
-239.64217697999996
-641.0289954999989
-347.18671087500036
-68.6757485199998
-161.69893711000032
37.99568707999971
-441.3582619999999
-493.8463580099999
185.59541451000027
-306.4617382748011
-526.81036684
-155.91584900000163
16.819352263
-1284.1299000000017
349.34731971000105
-101.3689315840003
-431.38794791999953
-290.71032342
77.6906934999998
-264.0485247200004
-35.144806339999555
-264.5087946900002
-389.7067729399988
-322.2705176660014
-302.5643307999995
-420.89722861999996
-367.03173362999974
127.61990992999978
-392.0008173000004
-368.77312913000054
252.6130543300001
-333.8425615599995
-531.9964086299996
-262.1612371999996
65.85217993000047
-205.3121658799993
22.47698500000007
-1269.243553599998
-31.535126980000733
-289.45707639
273.987066783001
-545.0549643999999
-1355.9354899999992
336.22809464999995
-1479.2752379999986
932.3590436199971
-450.8255524300004
187.8089954999997
-544.5493173699998
-200.26533924000046
-237.7413365100004
-375.64627500000034
-293.6561805000001
-477.0262310399998
-321.4435994000004
204.15692852000026
32.7364013610007
-386.9650279800001
-504.4529806900002
182.56211003999957
1.6788897660000468
-694.9202372679999
-121.58206848000056
207.47564029999975
-354.9765005200003
-458.1240987000008
-1488.022816000001
784.2082909099981
121.2358724099999
-355.8881936199993
-370.56989852700013
119.24980702000018
-273.4186270000025
-1135.6610144499991
-1438.7303899999988
1132.1467518800014
-5.032648259999945
-353.24094515000064
-301.24016126500027
-357.35778147000025
-371.1074229999997
-15.530540559000011
-1161.1994836000008
325.71770991300036
-295.228935220001
-288.736923896
-448.9199476000002
121.31739317999971
-207.02089160900013
-1109.6653227399995
543.7706175300003
-546.9849360589999
-198.81649660000056
35.44384683000017
-1286.2901079999997
575.36586028
-19.30386820000016
-687.5818550000006
-791.214085067001
56.65241599999961
-1128.9480826700014
-202.53870269999965
-390.1170479719996
-208.66035940000006
-184.01990676000017
262.4291114600012
-580.3812431000005
-363.3673410379999
207.76476509999983
-324.3779743400008
-402.3673519999997
-1143.0754622999993
-181.90453113400025
386.13688112000153
-379.0273316999995
-505.530567394
-237.48881613999978
-1348.700948000001
297.5083622699985
-178.67028483999937
-453.5347909100015
154.30902553999996
-393.3246184000003
-314.8651890900003
-166.29174920000017
-1434.2346350000005
246.45295995000075
-759.1446321999996
144.27133570999996
-129.69331013000013
12.993803241000094
-367.3817913000003
-452.6799297999999
-259.2514110499995
-559.2452421559993
149.00728680000037
-181.04607486000023
-376.12649050999966
-397.84169269999984
-470.36347700000056
-805.537858899999
-242.84040549999963
-94.93682094999981
-246.96935240999997
-411.06252087000064
152.02553222899968
-329.89750694999964
-614.8613630900009
-434.9648904399995
280.12001018000046
-156.92706166400032
-412.4596097899997
-367.28323097999987
-591.8676315999996
-109.82800174999953
-562.7267305
-130.30125190000012
-388.92496780000005
-255.29548957000043
-205.88677404520004
-1288.665157000002
802.8340269509997
-432.14873265000057
-353.3200414109993
-520.0448599999996
-223.47608264000007
125.58619774999997
-232.32380956999899
-352.7449077699995
-29.568199061000268
-454.6046813900001
-131.43012697199987
-326.3829738800007
-370.17465057199917
7.512770950000449
-274.12582336690053
-1288.6862830189991
483.4196936360007
-307.05784099999994
-514.4948078599998
219.29072858339987
-375.29265159000073
-312.3199380000009
-989.1454976099994
97.64770399000014
0.1697089899999782
-700.3204859999976
-767.1828950799994
-109.87035450000079
-292.3027935300001
-487.39597282499966
-279.36325979000014
-349.47509492
-133.9543653399997
228.28154737000008
-355.17266172000075
-0.7764514099998903
-714.0869494639999
-289.67968451999974
-296.4670639
10.415201999999404
-1027.0807458700008
399.05056613999966
-289.7669924499994
-187.76433975999993
-6.119315275399783
126.66213109999967
-1352.6539300000015
619.2626712300001
-1225.6556105000002
395.7973499000002
-945.9818916300001
500.4087383599992
-444.92590439999947
-509.6439994999995
-276.76357854000054
-258.1303341999998
-419.3604950000002
-226.4450414999991
-245.39728011999927
-2.015230979999834
-1452.1356499999983
466.9922609399991
-259.5471747499998
-160.62691256000025
-866.6543216100004
-107.53223201999991
369.0498179599998
-716.897482272001
77.7495179300012
-348.9278860000005
-343.89863448
-472.7626461900001
-21.037663419999955
-209.70913485
-468.66188040000026
-254.00136859999944
117.26081471000032
-1329.4871719999983
232.51041454000062
145.17865261999972
24.48101853210013
-354.76914910000045
-239.27721350000047
-354.2346173520004
273.4661805999996
-517.5289017900002
-236.2200532100002
-450.5844675800002
-1422.7515409999992
322.2777947399992
-250.79647099999875
-265.9409300899999
-144.5358079549997
-943.7594650800016
-81.70993325999939
-397.9137324400002
309.81207387999933
-1235.277483000001
139.8486439999994
-394.3582088700008
123.8319031970004
-390.9241375100002
-441.6975159999991
-927.9446230300011
-66.09419042500105
-93.7187896900002
-18.580302960600182
-494.74807803500045
-86.30567654300002
-117.92651771000043
-371.8869529700002
-333.6620426399998
-326.57277541999935
-470.07345222000004
-216.6454545843998
-395.878380621999
-293.6076185700001
-164.9138115499997
-439.94488087000053
-72.30024964599997
-368.3546278100001
-224.00607002000038
-393.5265575100003
-1421.6674320000002
385.43409335199885
-617.6270291
-397.3479017600004
131.31916151999994
-879.9436728260007
-296.86782521000003
342.5024623900002
-487.71280995999996
-283.71949029999985
-1378.2085479999969
142.56203990000003
358.9328556099999
-1283.1423638999986
96.21664605789931
-247.21755409999938
-653.341740620001
-103.34783200000041
68.90286318000007
-1002.8136097999986
100.0729333799997
-332.3898570795796
-324.79182727999904
-40.00741929999961
-149.4618354199996
-1418.1868470000002
195.43453095000103
-295.80430956300046
-77.78158933000014
-222.9994620500002
-144.06564359999982
-632.6320301999997
301.5419695600004
-262.5035328500001
-581.9739350000004
-211.34450289000017
-17.105770560000245
-253.53812979999964
45.55026582000014
-421.3946029070001
-1433.150167
683.6022740399997
-174.05812655999975
-1310.000104000002
152.68006249999988
-1474.0634199999995
809.4433411000007
-341.2573569900009
-445.94931704999954
-118.60766058800125
-85.71739299999999
151.09270719699973
-1388.2047419999979
399.5973490899999
-132.27319689999948
-617.2085092099998
273.53153886000064
-553.5609654600004
183.1794352899997
-190.85684304700015
-1278.9577383
-2.884684300000151
-1172.7873489999986
753.1198821600003
-22.493797040999986
-460.4171010000021
-1059.2195117600004
-187.56450163000008
-209.04742950999983
-548.5199110919998
-33.23560183999999
-683.5359004899998
369.41619123000055
-342.0719396700003
43.74172418300013
-376.5496803519998
-1221.4291790000013
199.37994398999967
-351.5823820999999
-225.77314143900034
-559.4992351000002
-218.34946200000056
-520.1684395000003
-34.870260910000695
-422.4806956999998
-436.8561706379996
-128.62485689000027
-414.78229348999986
-1304.8212990000002
1082.006341360001
-1229.492797700001
535.0028626399996
-470.6104872799999
137.67547722000012
-1148.1499509300013
489.1878964939993
-374.18627267000005
-541.3858255000001
-103.81467119999978
-481.9282088999996
-419.5512878000001
-184.88372739999983
-394.21801799999844
-143.67013003999998
-246.78856130000005
-619.7168818100006
-232.82720690000022
285.40051542000015
-312.06727656000066
-1293.3452722699978
-37.719431167999346
-337.97344913261
98.44729404000068
-787.2448685000004
-1403.345343
926.5973271100015
-902.9876593100003
179.40168081999997
-12.520990470000271
-311.5220716
-1361.768305000001
678.582561089999
-1144.7199170800004
-189.83803213000002
-400.56761539999974
-299.8993699000004
224.3538412699996
-238.24020659999962
-57.091731489999624
-711.6171469999987
-363.7009009600014
-18.098319700000665
-368.23409544000106
-1180.9106681000032
437.1463849199993
-225.09323808000008
-613.7450169999975
-404.1703874800004
46.624933600000794
-1490.390349999999
681.6846296310007
-307.1873680310003
-68.89807203000026
43.16647135799963
-1453.771540999999
777.7441988049983
-1399.161163000002
711.6307427900006
-669.1441681099999
-248.70639890000044
293.77523577000005
-525.1507659399996
23.34909539999977
-966.0583549599993
-1279.4498220000003
1005.8128200579976
-321.1283754400001
-330.32091849000005
-289.8098126313708
-1383.8994000000007
274.7126149369996
-301.4451750600004
-327.8475359999995
-459.95568655000045
-216.90964183999967
-1312.069026
201.97695579999973
-685.6780424999993
-171.2044750700002
215.97086952299966
-117.82694769099997
144.17973689000002
-612.8606610000019
27.618458214000196
-274.0868473500012
-362.44265509999957
-592.2618231999983
-861.5778189
-156.23531400000016
-478.0748813170006
74.0375109000001
-437.6086328100004
-291.0690618904002
-572.7232025200001
338.7346047599998
-630.9652541500001
-211.55429158999948
-162.7337149999992
-401.9432308599991
-1063.2466104
579.4673299499991
-528.3160249999997
-409.9473526999995
-38.35298891999984
-333.8576189400002
-31.533271696999794
-350.5756613800006
-65.33436854099975
101.54426748000019
-505.32165389099947
63.79245404100021
-171.003014635
76.8670946599997
-1334.0128159999992
513.6463404000012
-1221.7062059999996
267.34974491000054
43.0950167500005
-1232.907838999999
528.6280597
-284.5771712500018
-303.49774559999906
-367.9881886500002
-268.6764743999996
-1391.2277450000017
317.69181350000053
-504.4329531300003
-88.87472111999932
-545.6019410800005
-169.42280144000134
-273.6671030999994
-435.13252700000027
-1162.8091062899978
-41.634179710000595
-84.17532930999981
-296.60618089999974
-1423.4435870000007
386.77459078000004
-1376.181513
46.07287270200029
275.00220418000004
-1134.0456428199993
-136.1492677999998
-3.3325144799999005
-302.77016510000027
-436.3259633199988
-321.0903569039998
98.42373432999962
-610.77094902
-216.25687389999942
-325.4254775800002
-229.93674500000057
-467.18186510000015
-910.107212135
-268.8486311299997
322.2928016000001
-241.59373975000034
-483.4392231720001
-504.7339030200003
291.80108600999955
-287.0130389100003
-402.4056019999999
-564.5030602000007
-154.26486112999993
-613.7866742299998
-249.64698219999988
-471.39378675999967
-302.5234144000004
399.5439724999996
-633.0510271299997
-365.5118932400003
-62.3968459099999
-1474.0550700000001
365.9415074999999
-1352.0768769999988
229.95513683999997
71.71336473000066
-281.61051993299975
-548.4523952
-409.7675038999997
12.887758729999103
-443.6911601999979
-1087.5417677199994
-105.88084692400024
145.1283221690004
-417.44596086999877
-22.642140159999542
-364.793077299999
-1277.5760160000004
524.6405774300006
-603.1463424700007
-316.2093787200002
-88.0933416799989
-71.70313766000031
-209.6489402099999
-1336.9549459999994
655.0699352400004
-626.9339554499991
595.7498918682004
-326.43078424459975
-327.1174606600005
-315.66648828000024
-140.51791338400048
-376.4616110799996
-377.32428603000017
-248.34918220999984
-742.0384760510002
-178.0221929310006
265.56084131800026
-1215.9317596299989
-133.23669169999883
-33.25614989999907
-549.0061714439997
6.9580023700000755
26.046836729999796
-409.32568068999865
89.67050476999994
-591.7598269900006
-791.4958213900005
-64.62996479999993
-494.4411886000003
172.66490912999961
-253.33851923800083
-47.630517580000344
-692.8282634499999
169.39840290000026
-367.61344369000005
313.9761908099994
-413.64149349999997
-1.216083949999836
135.43692639000017
-421.0235938600001
-1326.0234580000003
834.2114530200021
-224.72790688650085
-400.39239090000024
-376.3947499999995
-468.1518348999996
-365.84115395999993
-433.1464859700005
-284.5217649999999
-132.82605160000008
-159.23527324000008
163.99032622299973
-362.8550926699991
-186.47219370999974
-36.222001060000345
-614.87762927
249.56738741000078
-1209.9886526399987
-188.37506345000057
428.8754148200004
-404.8526127999999
-218.831977790001
60.699487740000116
-309.70367069999963
-126.06211168999964
-385.4665978899998
-267.5763522099998
-253.5188054670002
-476.9531040000001
-879.3044133599998
-37.30738829000005
-337.6902969000005
-397.0449838159999
-346.4355241999992
41.45942272000078
-350.20049263000055
-209.39840400000037
-1279.834211931
-177.35335000000163
-181.30986566600023
-295.92620008999955
-62.625298969999946
-1031.9021309500004
565.5964697209996
-429.2539099900002
-397.11901497
-370.56117020000045
3.9378206000000104
-887.15138426
-166.26577401199998
-116.57091009999981
-420.1776690000009
-228.46442113200038
-1292.638082000001
-72.45506382800014
454.35198816000025
-440.0250298290002
-389.8522072000001
62.16081590999933
-585.4082425699999
-76.83878776000023
-337.9290234599998
-611.1483999999991
-120.4974502600004
-56.383227810000314
-11.029230510000108
-285.9456751799998
62.05688535000032
-381.5018583999993
-541.7212890000004
106.30029958999972
100.77424854799996
-1142.2665540599978
518.4622490599994
-616.0445830000007
-855.0530450100006
117.23558027999961
-816.4298142700004
104.7076413400007
-149.95491884
-444.15751358000057
-229.52191339999936
-277.4200169299999
-323.5517838399998
-1155.59275155
86.15854915000033
-207.0311658000004
-579.3220480400008
-241.19328829000003
-94.77910113500059
-905.5209298400005
89.30022969000002
-1324.0369679999988
-216.76069880000094
363.89041376
-368.2134073900002
117.71723774000021
-80.15794829999997
-278.8940094800011
-971.0509209400002
-167.054174060001
391.20176526
-491.5570827900001
192.83165700599997
-1344.2524139999991
625.7428944299995
-208.24388728999966
-290.8536365400003
-833.3242550820003
178.78628300999972
-8.481413795999758
-0.7374187999996555
-394.6650285999986
-205.39455173999966
-360.87932176000015
-1250.9419330000003
335.2652148099996
-174.23079279999985
-930.2989391999992
45.04089025000025
70.28471562300024
-1186.7429614999978
291.2173639226008
-126.04608531000103
-561.2119460699989
-111.46658116000005
-558.2405839999984
-374.71013875299985
-224.15997227000014
-320.61079631999996
-357.06498533999996
212.00978905000014
-314.7274848770001
-842.6585094899996
-247.27624678000043
371.58958160999936
-360.15138492300014
-518.4615331600004
-197.40773934999973
92.16159008999992
46.844292569999965
-652.9055189400002
-475.13423239999986
-32.22506192000096
-470.3778103529995
-119.17594780000017
-263.82575610000004
-583.5051730000009
-251.99727770100006
-313.7313119999998
-149.4959146899998
-1485.6674259999986
619.5749381100003
-420.2794878499995
154.39322698999987
-310.2139921599991
-649.9288809599997
-204.51684312999978
-326.68836999999996
-108.9509933000003
-186.40115902000028
-197.4582580900008
-204.17046223999947
-1414.6339400000024
274.13929965000074
-358.4524412499996
-506.0348088999999
-271.0210769439996
-213.20426971999976
-268.2976782939998
110.20175249999942
-1135.9396548000004
535.1075143650025
-1358.1451110000019
107.81939164999976
98.26930447999992
-462.15935859000064
-578.0133153899994
-296.75374451799934
-282.0376887999995
-1.5381060999991207
-541.0395038300005
-614.2103508999995
357.2672673400001
-0.8651081099999985
-644.0440401000006
-55.075651800000166
-1416.1900030000008
65.31164856390058
-238.2144645700007
-541.6762138999993
43.41580333000034
-221.17303272999973
-460.82083712000014
-184.00406878999937
-109.37639248100061
-830.1414686799998
-459.1749350800004
600.0599746989997
-497.2080120000003
-359.90264481
104.77291999059992
-287.62743629000084
76.98382025500004
-1328.8996569999983
-97.98810067999901
224.8335058799999
-974.4297562299994
90.92406465999973
54.04138326000006
-376.361180517
140.50664409600043
-353.2525514499999
-473.02126490999973
149.50442532999975
-379.29955899999914
-275.56347439999985
-293.30614703000015
-188.78896782000015
-263.700198089999
-455.75041927999996
-67.84623023600004
-584.1470569999989
-873.8494872999989
-124.83747560000066
19.535180399999863
-1033.2077724499998
-61.67401853100037
243.04930520000025
-103.72574243000017
-549.3304531979999
27.25621266000016
-725.5018349999987
-850.7160935999996
458.2169352700012
-476.6749274900002
-464.68450370000056
-1325.032268000001
210.00996668999946
266.1044132999998
-956.0904674300001
-92.25099440000014
-127.20844673000036
-1421.7133150000006
748.9985602080006
-18.566327960000173
-405.4757319500001
69.81795300000007
-181.7894869999997
-213.8612293050003
-1449.2006599999995
633.7678312681002
-508.2706308499995
-219.05292716999864
-1249.9804554270017
-135.62324330000007
450.1848063780003
-397.5512084699985
-295.7050685987005
-623.6939288550003
-154.0004689600004
76.95638784500038
-48.49407106999973
-257.6816022599999
-1321.6636970000009
-81.71873948999978
435.8678525089999
-373.0469978599991
-422.4902273999997
-269.39615670000126
-415.10729610999886
-395.04395583999934
190.95504352899968
-1141.2591791000004
-148.49944817000042
-135.56663092999943
-254.6809727999997
-432.95502686000077
-172.33295700000033
-410.42295349000085
-699.2055508500002
622.5942308599994
-644.6099700000004
32.472887090000285
-1333.893093
-0.21555610000120895
-34.25094989000048
53.259218360000034
-382.7783526700002
-165.69746516999945
-138.7687153700001
-212.87083885999817
-494.88376486999954
-466.80428303000014
193.98057036500006
-292.8850797800005
-45.7996116000003
60.12177594000002
-1358.1760700000007
-51.57728370999977
-476.5307712800007
433.0666705889995
-274.36365187100034
-293.68756761
-289.49644000999984
-341.1688640299994
-346.47384883999996
-1388.8651830000013
325.50879104399985
-592.2837509399999
-207.94366199999945
-218.88540065899988
-631.8695975999999
-30.052765999998776
-1099.1076049800013
165.37529129999933
-284.03312580000176
-264.8828884710002
-392.88092254000014
136.46529860999962
-1222.7640509999992
73.29579970000069
-305.67707731
-272.7485401100003
-526.0549429999991
-347.87645106999975
-198.1196875900002
-147.33655851499987
-369.2558788870002
-109.41293319999954
-157.93496714000028
-566.20068768
-79.34679159999973
-41.34597993000048
-431.29308919
-270.97412626999983
-585.8600137400002
-508.31793816
749.1908579119986
-95.52551839999992
-955.9098119900003
509.27582860999865
-412.1602615000008
-17.77037774500003
-290.52138107149955
-248.20256057000066
-1315.850550000002
-1429.96622
1084.2917895099945
-228.47201421500128
-13.357677398000076
-307.6459297500001
-1220.5562234
147.36683147
5.963975997000022
-1097.7347490000006
493.9139282069993
-355.1365171000001
-254.2374211370013
-1348.6517470000003
692.4466754660021
-641.9829163500001
-274.09264730000046
-96.2451717100007
-1277.2226349999992
748.2940309000005
-409.33929353999986
-504.01554791
-215.99499660000018
-267.67446899999953
-288.56791152000045
-428.1983660199999
-209.2178036699993
-505.86676299999885
-57.7699736699998
-853.9068085700001
482.4962852699996
-1347.216448999999
-1382.6751670000015
1242.368505891
-426.87898269999994
-1419.3246090000007
173.08469261000056
11.979653300000326
-258.85407646999954
-391.0773676100006
-741.3591728900003
353.1825989000006
-380.2943713499999
-297.9391988240002
-1345.2608870000001
115.54845336000054
381.86684137999964
-290.8905953569996
-1346.4893940000009
772.4287492600006
-603.1548796520005
-300.667121
-291.96180760399994
98.6244883000001
-439.2954479999996
-270.7302950799993
-338.1084152500001
-413.8297286000003
-15.212078300000384
-145.99843002
-171.45974262000024
-165.19218931100016
-334.85109711000035
-938.2158120400005
311.35703740000076
-160.61249156000025
-1133.7334816999992
10.848447710000793
-309.07947302000036
-1330.7282630000009
541.0670290899997
-894.38942388
370.83727221000026
-1121.680574424001
41.35448930000098
-224.52362419999986
-1379.58416
215.3000004100009
-459.03410897300046
-223.29515373000038
-637.2115615310007
-68.94439555999978
-374.54372150999984
-219.4880043999992
-499.5968820000005
-230.42107905600005
-477.4409855100003
211.1183058700005
-494.1187103999998
84.04172566999978
-344.7806631699998
-293.2610942000005
-152.79288899999912
-1290.2087084000013
60.87301748000006
-359.25970406999966
36.93754439999985
-1157.7801588500004
8.989642770000213
-1430.6844919999987
315.2257638999982
-365.08467959000035
-1290.6982609999995
351.40623023999814
-64.38598703999999
-762.6968820999999
33.46668009199968
-1240.2171952000008
-88.46231432000067
180.49662056000005
101.91907881299997
-378.195285950001
-1340.4898859999987
-39.86768580999876
69.29607610999923
52.76771631999999
-1209.6035344000004
686.3218984299999
-491.02982849999995
8.329654400000193
-1396.5461959999998
106.87931125999863
134.56265748299973
-1006.1265342599999
-66.26749537999953
-1455.2172539999992
139.99311750000064
110.49605844000016
-918.0974331500003
-94.73096074322991
-173.4477371400001
-317.1302135700002
-296.97420283000116
-304.2995466999995
4.893415959999899
-299.1518762799985
9.461148537000204
22.035637799999883
-560.9076016000002
-77.33652491999959
-164.6540039999998
-1001.3334371380002
-35.458035170000606
-397.44017684000016
-152.3857589999999
-243.14415679800078
-174.90875365000056
-317.8056992299997
-391.2711812699997
39.20116910100003
-1264.3984713999992
217.0505883000005
-434.65230240000045
-382.73619519799973
-216.41054960000037
34.952311809999756
-380.82462586
-1283.0588850000015
670.8159299600003
-532.5607262999998
-1398.5768319999995
788.3779129740004
-413.42651797099995
-26.743651480000498
-89.76153858000046
-431.54781814
-229.5911930100012
-29.887601200000127
-1117.3531626499978
357.3658465600002
-443.5513609999999
43.92263183999918
-117.02573940599915
-209.2641641000002
-745.8033330000036
-58.09407648000105
-1272.3455773999983
605.299174219999
-411.11329599999937
-962.1693401099999
284.96917893999995
-252.1067313
-237.93512499000065
-385.4662838999993
-522.5658242500002
-184.56231044
-300.79317466
124.77938872000034
-533.7256987599992
-191.68186799999927
-185.9374617900007
-313.2501455999999
-413.36384026
21.699318339999966
-359.86070019999977
-237.93817149999913
-739.8685439999986
-204.0275903000007
-267.40349730400004
-192.70727729999925
-246.6723180000009
-582.29113629
-325.3168889500001
-440.72475899
295.2144713999998
-222.91581484400004
-102.0023726700003
-170.9249325299987
-1444.9531490000013
395.4380464000013
-790.9659413100002
61.42477494000025
-301.4249160800004
-67.79221026999988
-200.00587125999922
-424.29862799999995
-226.3410248800018
-512.2568783300002
-1371.6578590000013
763.6693800869996
-272.63383459000033
-624.8750871100002
-323.02145559999997
-427.1902557100002
366.10007387
-273.28053941500076
-282.22169289999925
-30.67368021000027
-12.764986510000037
-432.1493993099994
-350.7243866700003
29.662014100000313
-86.3603400300002
-327.2353165199996
51.107789999999994
-808.0343180699997
-692.8191427500005
-57.36717108000052
-386.97491099000007
122.90563253700002
-364.18890899999735
-223.57122487999942
-1390.4797119999973
-227.05589073000016
-252.36426512999992
361.88463782999935
-682.5104091499999
168.94120508000066
-855.9950813799996
187.1235041599995
-353.37355432000163
15.536305109999734
-336.57433788000014
-1529.713312000003
750.4491244599996
-301.3170541600013
-508.73941998000043
196.8760458499999
-1257.1487600799994
506.885659440002
-1020.0733955000007
536.3690870700005
-419.02148096900083
-370.44313389999957
-498.3945064999999
337.59613192999984
-412.34013177099996
-1333.1229539999995
127.1110851999995
-363.39144745999994
288.1963145400005
-57.174338998900005
-310.37490584099993
-16.855550927999694
-363.9633825600002
19.53930734999999
-151.11158622000013
-183.14533309999933
-1093.0435428000008
90.45787875999903
-1462.651455999998
89.68700009999988
-389.5143270600003
278.6650380400007
-259.81643691000005
-51.35238440000024
-349.9401381399999
-319.07824381000034
-366.3521918500002
-194.36705969000027
-46.05492876000032
-636.5721424820007
388.94116135099995
-353.2667408820016
-469.7096160989997
-656.0207074600008
511.8520465070002
-310.77274289999895
-1309.737754999999
94.29857609700008
-116.25450120000023
-355.11645286999993
-678.9548422999991
-266.85869943999967
-102.07385068000028
-180.67598220999983
-107.31111110000005
-435.3047219399998
-278.57900044
-136.41497461000003
-365.33096212000066
-659.3478770495999
136.75257202000023
-807.5774301799997
343.05589082
150.6012599149999
-709.5217270000021
-90.99212046299985
-476.940315153999
-863.7043703699999
659.5568787600006
-378.2348845540001
-191.31646149999992
-341.89499984999793
-473.3348006950001
-1399.0380999999993
740.9593416268003
-467.19328500000006
-306.0009022499994
-704.8784706200003
319.7835210900015
-116.11252569399963
-691.7866571999999
-44.4412748999999
-418.45502199999845
-1069.5779282000005
-214.47805702000048
-11.69117964
-1477.6435309999972
738.3712255500002
-416.68206741000034
-1389.8051230000012
758.3688112199991
-580.5909419700001
-302.64959199999976
-6.714360543099878
-331.2231241000004
-624.1183135000001
-520.9450770899997
419.19717748000147
-7.176419428999997
-492.35347259000037
-41.16329930500035
-431.9711729999975
-185.8149421599994
-1190.6334356820003
558.3055210900015
-368.86954435000024
-379.0399756000005
69.52622540600038
-385.0931426369984
37.079896979999944
50.32346124999985
-298.4719603409989
-494.8797370000001
-1139.9661053999987
486.5968648600004
-250.50961769999887
-1269.9160977
-97.25277305000041
269.5867962999996
-458.05353043999986
-1322.3870769999985
675.3282147900015
-378.8005998000005
-1099.0865719
-80.78258806999958
-121.4791619999999
-277.9200687179994
-314.8789894000002
-399.8044886599991
-656.1894039999999
-184.02048181000023
-181.63146528999957
-80.02207434000023
-341.84852170000005
-375.1114756100002
204.66239377399984
-271.7210419950001
-755.7450895700002
396.29285121
-566.6668178799998
97.85439993000023
-1052.0473565899988
785.7679913730003
-1212.2023802000012
528.1356320199997
-375.2948544799999
-291.1828608999998
-552.7774378999995
-444.90435145
-189.18349882999993
-1430.526628000001
1007.6701159300019
-1250.7959905000005
260.61980753
-876.4301772100004
589.4042146400002
-1263.5272322999995
-168.44693217430077
96.71659573500042
-836.8783690200012
407.1619488240004
-282.82985119999984
-618.0781912300017
-94.69816893999938
-509.31581431000103
-325.62105668999993
-154.52794116999925
138.806700849
-613.2235083709991
-118.79663816699994
71.44145082000054
-92.21705567000016
-1059.8797775799987
97.08311025969991
-809.1101146799999
247.8475105000002
-467.2614298399997
-761.1332100199998
-162.2119393999999
-74.25042532000022
-6.517255170000073
-371.3755353200012
-766.9335226000001
-275.41117756999984
-250.94942199999937
-813.7293728100008
-289.6778735940002
-281.43114493
-317.4731156100003
371.10490299000094
-330.01332630999946
-558.2411199999992
-129.6063213900002
-319.96736627999957
39.21503360000017
-331.74991098999914
3.8817159400000016
-516.0380658319998
-202.3643914499988
-580.9987195900002
-338.0558185500004
-92.0462094274998
-302.25604677999996
-585.7408056000002
-268.34854620999954
-481.0198697630004
-324.91981319999945
312.1205365899999
-349.41017984800027
-331.8351937099998
198.86321211999996
-1196.2915447999994
489.5141620400002
-190.04599069999978
-434.6766079599998
-493.69385581999944
160.6265630899999
-34.51516122600042
-561.9474613899994
110.32680409999982
-134.3177572850002
-317.83385520999866
-498.47191071999987
135.38195753999992
-414.2791524300005
-340.8692645000012
-315.960192859999
-1285.3256299999996
85.61515549700012
-312.73955896999985
294.08661250000046
-661.5446167799998
262.4181775110001
-1325.654024
-225.4568713199975
487.0126439920009
-541.5157796200002
-418.2236501360005
-23.63207160000053
-522.96671527
-344.10206516100004
-137.2141369559995
-318.72339097999946
-548.1870405200004
-426.5338074550006
-354.1181894999997
429.9673562790004
-472.52728548599936
-484.6433137999997
311.1323700399997
-1226.5780498900006
595.6701155400009
-216.30417669999997
-241.51032109999872
-247.70785242999946
-297.0537939900007
-293.91565010000005
0.1631167490003277
-40.68237381999985
-709.22717183
438.9889722099998
-57.553808620000716
-372.273946199999
-568.3498117400005
-315.83999479099964
-119.12232858000017
-585.5094880999995
-326.4725590700003
383.41532681999945
-327.00310274999924
-482.55862976999964
238.01714817000016
-302.29744314000055
-395.4064789099996
-374.75193079999985
-157.02808950000053
-21.49687406000004
-328.50436426999914
-183.5953279000001
-259.72064955000013
-486.0274472000001
-183.69922026999959
7.2467052599992385
-225.8130694700004
-361.2291163999999
-258.87879041
-1410.4705999999978
165.4078777
-230.99514818499952
-1329.7766820000013
42.81751658200135
-79.22783872999943
297.14755773800005
-594.4259024900011
-738.8062065299995
-1454.3183050000005
350.1884289900016
7.681047506999158
-326.7168353999999
-46.019004900000304
-206.87591527000046
-196.3814866999999
-893.5429157959995
290.8168082299999
-449.3378029099986
-125.81686418100026
-294.16540192000036
-490.48452973999997
-201.03791299999943
-496.7141346210002
-342.2577568299993
-342.44372628000025
-303.3596861599997
-262.2296195400005
-159.017713879998
-87.71601560999959
-301.52571585030046
92.26436556099995
-401.3847441999995
-329.1990937400001
28.081508927000325
-237.70842099999953
-271.2509586199998
-985.5316899699999
535.83670145
-295.9577179999999
-557.1344155640004
289.30327886999976
-338.82897512799866
-1346.5203399999987
-86.58121860000068
-153.0035089400007
229.70770613900024
-310.6434564199998
-1228.5534917599998
-224.58426551000147
559.3781787409996
30.01079989200014
-432.7824902000006
-201.46194715000013
-42.17450615000028
-486.6292498920003
-90.91225713000028
-110.21262725000047
-850.3983448034998
-225.87510320000067
-96.96411941000007
-1360.835996
43.385929469999084
-202.58797333999948
-351.19498302800014
-245.9416466399993
-109.00658574000029
-37.317393386000106
-435.6029738
-404.3655778999999
-210.80949499999792
-316.7534572420001
83.92147495500022
-203.6828477099992
-419.00101647400095
-1261.9043860000013
266.71788220999844
-576.5183050000002
-257.8367138000003
497.9326069199999
-1185.3751084
-1392.6471000000001
480.7793296999999
-47.29435306300086
-457.36677331000016
-351.07193690000025
-225.7262980000006
-468.1312991000001
-379.85009500000086
-263.9522825700002
-440.7990545899998
142.99077394300048
-584.7298369999988
-781.1006139699992
448.52445767400025
-288.2992375999996
-423.15155783639887
18.823122359999882
-137.54633898999984
-292.0934498
-367.11122220000044
-274.9482642620008
-447.7390811
-1454.6534900000015
402.9619197000004
10.464413775000152
-458.8408757299995
144.14100551389993
-270.15605335670017
-1456.158373000001
424.36952690999897
230.67067998999968
-1216.7337952000007
559.4021430600008
-1306.014472
371.6349300630007
-93.39923919999949
12.87959766000004
-373.4130632569997
-290.5236414180001
20.732830429999883
16.971719650000246
-1217.3859335400007
79.74846164800007
-293.7870476000007
-1332.5417600000014
297.3401887600008
-91.8180251870002
-218.398031499
-295.46871898
-411.54144500000046
-269.2945018799997
-578.2743553099998
-1366.0847090000007
888.8242595300003
-333.10198863999966
-29.974635819999822
47.197740079999804
-102.31356426999963
70.50975305499999
-1366.1720610000007
651.3287150900014
-1332.9868880000004
456.3970711840004
-338.1961979099999
231.56226737999978
-434.8212715281007
-306.35630686999895
-236.06563813999975
105.40185355999994
-198.9697349699995
-288.6991931400007
-567.1129258999998
-109.5071091199995
62.64884233000002
-701.5346255399999
-152.06428889999992
-184.02110100000073
-272.2213564399999
-179.9118366000001
-385.20388433000005
-45.286802070000604
-158.56390289999942
-1046.6537056599996
-127.70456021000047
327.5991386099997
-250.7565859999999
-135.54475474999975
-364.46721636000035
-490.1159310999995
-633.5191466700003
-165.52821232999852
202.10912667500023
-239.94857781000013
-221.16771996000065
-543.6868704360003
-342.61456799999905
-293.71334911999975
-359.55906658000026
-189.50234433000068
-37.85939564299989
-641.6550757099998
-117.26277674999977
-468.3098865900006
296.7365723199997
-321.6169245100003
-479.98416080000004
-245.22198429599985
-342.91992167999905
-387.30384152300024
-442.8131602700006
329.4765403000006
-498.32857500000165
-1111.4743908110013
43.958515066001155
-253.18710749999994
-271.8302805999995
-1410.2193450000007
476.47342677199896
-334.1324041970003
-974.3250192
-249.08335015000048
412.3682216900011
-1372.4754329999985
71.65338850000052
-359.5042514390001
149.86030637399978
-282.0696947600006
-372.06015027999973
-719.2274846800013
-38.991313199999816
-550.7628890000021
-327.74218568000026
-115.35622259999909
-298.2368839899998
-1335.974170000002
-70.11597560000045
-436.9788962800003
437.3857494909995
-591.6855509299996
-307.7281122000004
-229.19446809999982
-164.55917797100028
-284.18650894000024
-302.05025662999856
-1169.1097942200008
58.64090142999994
-346.28367058999925
-288.9255922000004
-1229.744151
667.8385701500004
-531.0977283000003
-231.54226420000035
-581.2104319000003
-284.33724855300045
224.63919134000045
-530.2999129100001
-1464.3842799999986
748.5280978000006
-316.46666453999893
55.5189903399999
-647.84564
-4.006741320000275
-1330.6821413000002
687.2013027899987
-195.2695232800004
-367.65790219999997
249.49567240999954
-69.40123422000002
28.335916500000025
-402.9710668699997
-421.5627936699997
-500.21954110999985
-160.02718160000006
-550.41103339
-66.09669150000025
-55.19027333799979
-288.56257687999926
-445.9853981000001
-301.310611500001
-105.25768391000003
-923.2011520600006
228.51465479999982
-855.3714658500004
161.95892792
-829.81898412
-217.94743490999966
-233.80154435000014
-20.0928350799997
-481.3062504900002
-117.83280408000022
-1421.3105319999988
410.81559185100053
-784.4442224299999
-58.03198451999957
-86.44224180000056
-911.7792170010008
505.8984194999988
-412.81543193999954
-252.13240981000055
-395.755440060001
-71.04403953799991
-309.2721714599985
-114.12876781000016
-1047.7112937000013
-91.45190779999956
-231.31601449999968
-465.2077923899994
-351.9176547500004
-452.19437599999986
-240.92197864999977
-396.4294170700003
-1352.9529089999994
1160.442964631996
-1064.5581036900003
182.14424161000008
-870.6518347500003
130.75064085000102
112.6851605900002
-502.023247631
-421.23052400000125
-63.3502124660001
-1262.9412949999987
416.28224980000095
-200.5168376270005
-263.96330588000023
-295.21697627000003
-1355.4161649999994
328.2161521699999
-793.9229280499998
96.81084506000028
-478.1082169300002
-536.1223944200002
-151.8981074600007
-477.9379083999996
300.98667609799946
69.17513069299996
-357.49641569900007
-320.12584173999943
-444.7093088400004
197.62872464000017
-380.08115293000014
-732.4627722000002
-267.0587556999998
-32.902497079999826
-315.09274794000015
-313.05175422999986
-393.2401693999995
-444.69533413
210.70245653
-370.4111543999995
-290.1698433809982
-305.5865949400012
-476.47417309499923
-356.36933228999993
-572.6385115199997
-383.64249325499947
402.9770365199999
-307.6987246200001
-165.7025829080009
-326.23170700000134
-1140.36693017
498.3759772599999
-699.5467413649997
352.2763646200002
-1209.5971948999995
63.58352980000107
-309.7756506999997
-198.78335845000075
-407.41566369999873
7.233016550000544
-1294.8668407000027
-107.01755235000002
-91.6109497699997
-216.5887411000003
-44.822610009999714
-1004.9542231000003
-31.740218999999797
-465.0629534999998
-1343.0612429999994
651.2068167800012
-535.7391527400007
-114.28871020000001
-217.0220417400003
-756.8203869000013
-17.693008830000014
-422.0811404209995
-163.16971495999954
-72.60485555599972
-321.9059859999992
-291.4795747119996
-234.76200929999953
-240.3226307950001
-160.67554859600028
-920.3164376999998
418.16301183200125
-246.2608381500001
-152.16604851999963
-148.75615689999964
-330.7682613699994
-564.3009388900006
-433.1308739000001
-1444.274749999998
126.59216999999911
-151.62378290000012
-171.92009108000107
-645.7945729999993
-165.453033922
-642.8535565699991
-379.1953412199993
-357.2410402600009
553.4602039499993
-410.22470040000087
-411.77613505000005
-199.3125706999999
-106.49714806000004
-225.27423879999972
-235.18782138
-371.109302970001
-264.28367457999974
-119.03551161999988
-544.9255846899998
-119.70917118090081
-648.1442261799995
236.48561032999993
-636.2141699999988
-195.91232587000007
-256.7195826699994
-530.8041151500003
-1513.9351799999977
280.4468762099995
-172.06999638999997
-91.03612223000023
-269.716100233
-552.94668865
-249.0029356419998
297.51982254999984
-1102.6099317499993
71.09200300000127
-330.59993109999965
-1485.6412380000002
48.635733600000776
402.17578169999973
-698.4109224400001
407.27395688999894
-567.2670138000018
-317.3479346210005
-100.52741420000035
-1252.3631039999989
604.1734705009002
-543.7552794999992
-177.1052420999992
-157.80082051999895
-1311.6156390000006
565.7885320879996
-532.3909392099996
-15.246759190000374
125.67961951999989
-473.11140777699984
-419.17551969999954
-89.70937731999996
-369.8423926000002
-1427.5074829999992
291.05259377999977
208.5427147539999
-285.1923961899995
-41.65943158999995
-421.74020237000127
-36.13432027999998
-187.47923872339996
-321.98161902999976
-562.19051012
129.18946648599933
-60.06210104999971
-153.96906457000009
-222.5739459000002
-247.692281440001
-372.6067528200002
-566.5190407000005
-1384.5277169999997
792.9023301395008
91.49177460000007
-51.999162358000056
-1205.65251987
480.9217396899998
23.894757699999865
-1343.718519000001
-112.62318028000043
452.9715223490006
-739.0020666699997
323.44845523300006
-381.0200361880002
-303.86570700000016
128.965375477
-1171.4722360799994
532.0543251200003
-450.1357543999999
-551.9478110000019
-215.2164632199999
-236.88198435000032
50.275240000000004
23.185390699999804
-441.4524231800003
163.77954699000003
-366.90008886000146
-479.5281584300006
48.089496709999956
-322.9423975300005
-294.2164091300001
113.87215003000004
-366.2178130200002
-368.6789526569995
-434.47228979999977
-278.53440908099947
-56.038355000000735
-567.5242335600003
-340.1342496
-413.35604130000064
385.9134957900009
-411.6710058200002
-467.68155566999974
179.91030800000013
-624.7184724100001
287.24468010999965
-457.45472133
-580.4179984100006
34.954910200000434
-15.447625820000138
-424.36200670000017
-258.86912433000003
-383.80182198099914
-716.8193336999999
-280.85255019999994
-340.39921423000044
385.0808338100002
-1304.6073725000006
386.7194756769986
-786.3961957000008
307.6324425500003
-482.27019485100016
291.70856430000026
-605.8083760499993
-25.716364200000807
-445.4857988400003
-363.7590723839996
-195.95769926000077
-461.2381829300999
-329.0644837300005
-1296.588578999999
-1425.4946400000015
-1519.7769519999963
1942.1712900500052
152.97214269099985
-1172.6608653999995
-1432.31321
419.66681806000054
-126.33536873999977
-143.61778864000038
-27.972814507000294
-570.4807379200003
-491.0583111970005
-218.3575515899998
289.6221834359998
-1287.6264354000011
176.74955481000154
-433.31921340000076
-270.22975499999944
-422.74968598500027
-579.1813650800003
-314.98312390000063
-409.2895200000025
-899.2221115399996
-3.9531072999993473
-313.07969699999865
-342.1793304620003
-599.561314571
312.7522019259995
-1178.78766144
290.39933059999953
-25.77876967499958
-350.5545357240005
-285.98371509000015
-476.8084357000005
-561.1636701039997
406.29808241199976
-499.593151999998
83.63598126000012
-350.2213314099994
-406.45098909999996
-160.41894300000004
-104.15018862999958
-267.00438362000034
29.605376399999866
-943.0505795669997
14.187954170000744
-484.4971208100003
68.10129201000082
-443.39694899999915
-1002.8230937000006
-1364.789374000001
1117.9849183299968
-1300.2820210000014
375.8413040900006
-1102.5060338999997
-40.88544700000045
-95.39438392200012
-1335.7640180999983
223.01042009999918
13.13057754999958
-265.55428282099854
-1309.1311966000003
249.9607631000002
-380.95723646
-259.3569690399993
-361.0207686
-437.0991541599998
-598.2186145499999
-101.87043642000037
29.403152310000205
-437.1841195600005
-395.4179254000003
-43.493579894700176
-319.7507894400001
3.095795490000101
63.32512431000008
-223.70851787999945
-342.68426369999986
-796.5768459999988
-55.37539870000011
-358.25922440000073
-540.8630382099999
-179.50838075499965
-1289.5118639999976
627.3061074599991
-344.99617948000014
-505.97384317000103
-326.7637073649
-165.246185
-1405.5864469999992
-28.66281118999999
396.8018633000004
-1047.0123516
-1454.1357100000016
1036.96115557
-1393.5268179999996
-29.966166099999686
304.14713365000034
-392.3246755
-337.9642894999996
-560.3286908000001
-363.04087976999983
246.94868221999997
-2.0259847699994284
-549.3951400000005
-288.1573973700002
120.00138615999968
-1253.9100405000006
33.23364027999984
262.33160384000024
-271.2805418599999
-580.092123900001
116.19146210600007
-372.6809845999997
-172.6938900300002
28.032618270000206
-332.0194026399989
-24.901890213000037
-380.558747010001
-567.848184208
331.53034250200085
